100
659 -304
-759 -502
140 288
-166 -404
232 944
966 -435
361 -44
30 -234
265 994
51 65
61 925
893 808
-351 143
634 187
-905 188
-16 986
408 179
-541 -344
-451 626
339 357
561 -569
686 230
638 -47
387 -131
241 139
-247 688
219 -636
-889 826
430 -434
-77 -518
-154 518
470 -48
-52 61
-764 965
673 -24
795 -685
-676 -198
150 -71
568 541
717 73
84 601
371 -699
31 -537
-723 -754
-543 -226
-632 -247
7 528
-65 -539
655 -436
523 124
616 -636
-727 -496
757 -782
-820 487
172 -367
-830 506
-335 630
391 -792
-142 629
-518 -116
861 -375
317 -793
374 790
910 -925
-698 968
421 -40
-813 -430
193 -322
-318 -257
-25 -679
893 557
204 69
604 62
-322 -422
634 -853
284 182
-532 -424
-127 -152
-709 -558
-360 -108
-818 890
-389 716
-115 -63
164 -9
164 -965
-301 36
-619 -964
321 -306
654 -63
191 298
706 -572
938 -290
879 -925
649 -14
598 147
262 727
230 -670
-840 -922
-874 -531
-394 232
