1000
-237 664
-410 -141
358 316
525 580
977 -472
-294 -928
542 -665
693 468
704 -45
-1 138
923 210
11 425
810 -716
757 270
-28 -406
508 416
658 952
154 80
-565 661
-833 123
829 -922
577 754
-397 -79
320 949
-131 -99
883 687
-7 -806
27 573
-883 -650
877 284
450 309
-954 262
-810 276
-308 48
-287 153
789 296
-609 298
-819 758
75 -534
-214 471
860 969
901 820
481 -323
-846 -73
634 505
879 -1000
-165 -281
-930 -313
-89 909
-541 614
-251 -845
-713 -90
457 -613
-102 519
-480 -125
-45 -377
-312 -571
625 -549
357 -192
-851 -87
494 389
-339 474
744 7
-630 196
765 -234
-37 98
297 -616
108 326
907 -996
436 157
58 418
-527 -307
383 597
338 471
673 -515
-940 382
-914 -733
587 809
691 -770
553 -80
264 -878
-420 -718
-239 35
909 -803
906 432
947 -428
-877 -199
-78 -471
-530 237
-332 112
-840 416
-110 -81
-895 492
758 832
617 -260
65 287
-664 142
123 -421
-596 -251
338 -909
-419 246
246 244
-545 -895
35 -146
547 723
-501 -795
113 864
-287 395
797 782
110 954
-361 -475
-651 -398
-226 768
-489 -338
293 -668
-692 -54
-322 -548
11 -5
91 -24
-782 -367
-727 -332
-265 368
163 768
-205 -427
-438 -744
-782 525
790 584
276 109
-142 -551
-523 -341
-422 740
312 949
-735 -875
-588 698
353 540
-970 1
691 -74
-780 -386
288 -604
-304 546
-636 -546
406 914
-351 764
839 -185
342 944
-412 887
504 954
-90 -351
-829 283
-594 131
259 -170
314 -249
81 554
623 140
241 942
-835 -57
-964 666
-86 -401
-641 815
169 -518
433 56
412 -769
959 548
948 -584
301 135
183 419
590 -306
-547 398
-782 295
299 -215
-970 807
-960 812
968 811
-124 95
575 774
880 -498
-332 234
63 117
-140 -438
331 -703
-896 871
-99 -465
-337 436
205 612
397 104
-793 -918
664 -102
-546 -930
-933 -591
605 -891
-274 -913
44 -633
434 59
518 -252
-790 -587
-475 -857
-963 -716
-710 805
694 -349
5 805
-610 515
-538 53
416 74
323 -107
-644 206
121 -158
828 -353
-843 260
-971 -86
475 346
564 -717
723 580
561 -721
272 862
-354 -661
-628 431
463 -715
-807 318
-797 107
-37 825
590 -221
667 738
518 -547
-708 907
-735 927
-471 564
-848 797
-77 -256
-967 189
-538 408
896 -797
659 173
982 342
-269 -373
571 -453
881 -83
410 -781
-568 701
-526 414
261 923
-653 949
774 934
-749 570
-476 894
-254 353
-622 43
-176 -35
166 837
-703 166
-654 533
-843 -767
565 926
241 -455
-281 947
673 -242
-911 683
7 -555
7 -632
630 -395
-874 -877
535 807
992 -383
-15 -681
-891 -971
-960 367
558 -872
-884 -460
-42 -308
566 -360
611 -180
-364 901
432 -300
129 -995
243 -827
455 -462
132 118
-881 -848
-540 -778
508 -68
-295 922
-598 281
779 533
-786 -196
-706 157
-253 289
-895 -437
518 -183
-872 453
-756 309
605 995
780 777
228 440
308 683
218 406
641 317
96 592
58 -266
-465 987
-350 659
805 123
-333 672
850 -919
-648 -282
424 260
944 -877
-390 336
-725 677
-302 435
-926 -907
-157 287
-971 940
942 296
490 164
-290 -507
-848 -897
-963 649
-351 418
-98 -971
-673 -96
-849 -87
-551 -527
-938 713
957 -905
-227 108
-914 726
366 241
251 788
-520 447
-797 437
-44 192
-52 -351
-36 668
829 818
115 430
-881 -678
454 532
498 -265
847 811
-863 -296
-362 399
-984 462
334 575
-441 515
390 89
195 -514
173 774
971 863
503 337
639 362
406 -686
751 -337
578 -747
-26 -811
490 -995
846 -640
839 -796
263 411
209 175
-388 497
-961 123
559 572
-94 229
680 632
-508 -578
-378 -128
-499 886
913 -236
-751 -641
-537 -297
-45 -825
-766 480
-593 942
-928 259
136 -912
-371 -392
-820 -607
149 -43
380 -870
-719 -224
474 -166
-961 -235
80 -75
-518 980
-304 226
35 392
-302 47
516 557
977 -95
-488 -879
541 -479
880 147
-330 842
-983 996
978 274
168 -456
917 956
-812 -970
883 -993
-708 -173
488 -808
165 -163
344 87
-743 3
-728 -160
-720 -327
614 706
-854 -761
-893 872
525 -524
338 353
53 541
-80 -589
-360 917
384 -566
-129 -774
472 -579
-964 -112
421 -740
-260 938
-429 876
-590 -769
-837 -445
470 704
-352 712
712 -388
-484 -972
308 434
452 853
-456 -819
-17 -625
400 335
-818 -494
797 933
54 993
499 653
-984 521
-520 749
557 -846
-97 -451
-52 -868
96 630
715 488
297 -30
-821 589
224 964
921 -744
474 687
-547 -18
-791 -375
-713 -705
356 -669
-559 -900
-522 82
956 999
778 -112
739 194
801 -560
215 110
789 -586
909 345
634 -314
-758 664
674 598
-552 -811
531 767
383 129
-592 1000
-697 -666
-786 -282
-404 -773
839 -168
861 -43
915 -683
-231 333
692 704
430 79
-959 -204
749 -447
-985 621
664 -992
310 -604
832 -629
-969 963
-150 -24
-554 -292
-500 590
-868 455
269 -513
-80 -129
-227 -386
-715 675
-752 776
-571 649
851 212
-696 57
966 81
-614 -795
824 223
-174 937
-599 836
-820 23
-423 566
424 527
771 -351
992 -299
377 -784
776 -492
116 -344
-330 -150
905 -34
573 408
-563 -679
60 -651
693 818
-527 -646
726 679
-967 -205
81 117
260 -347
-358 945
696 -254
-382 -810
326 -227
-469 325
-778 907
886 -17
-5 -459
-891 -385
-48 57
381 -301
-172 -421
-99 -766
502 705
-639 -224
-228 952
975 -841
-467 -508
-857 -498
-160 -931
539 591
346 -216
54 -621
-51 -760
-416 976
551 668
-156 -755
397 307
849 -533
-992 465
344 810
163 952
-627 286
875 -850
107 432
650 -544
786 599
993 -575
842 150
-857 998
517 866
960 719
380 623
382 339
299 458
918 -568
-556 -427
612 585
697 544
804 -646
-516 -294
679 60
895 190
47 54
-593 -274
818 289
-146 226
-47 744
749 205
-171 835
324 685
-922 -566
777 -177
-361 -827
-161 678
512 -733
-193 512
299 286
692 90
262 -255
708 282
-162 58
252 168
-683 436
547 -103
237 -423
-219 981
983 -184
768 545
171 -541
147 -678
920 -674
41 201
777 628
-502 250
-912 -273
810 -923
94 836
-539 276
776 767
519 992
606 -177
-174 -770
-789 -76
-487 -324
-50 930
-457 931
-603 460
528 -462
-678 835
-453 -692
-229 -371
-408 -433
476 161
501 -246
284 556
666 446
810 142
947 329
-929 -145
-283 -624
594 735
-728 25
-182 471
-222 833
737 405
-123 -215
687 -601
5 -405
-345 327
440 -942
-923 619
53 -144
234 571
303 -874
-311 507
-526 466
216 677
973 47
-701 -889
-591 405
22 936
-703 -218
-299 -888
870 -722
-459 76
317 -798
281 405
-942 202
987 -895
412 991
-679 -4
-499 712
-204 -453
-183 96
-795 -546
-508 349
-788 385
-79 -61
504 547
501 945
8 -564
-293 -794
970 115
994 997
594 12
430 84
-658 949
810 -680
945 -717
-401 -980
966 -479
650 -488
186 -959
253 202
776 -254
296 -993
-848 617
-221 -943
-560 -328
46 253
668 201
-288 -489
463 221
-476 935
157 -939
613 49
278 441
-820 191
-818 392
-413 -81
254 -562
114 417
737 916
229 209
445 -195
-519 -439
503 -133
985 927
648 -570
875 951
367 -850
357 -697
-521 -107
498 151
979 -783
-182 -383
384 755
-726 624
-444 907
-288 -95
-544 -501
-458 -463
583 -754
-649 414
-574 -24
-888 983
944 -345
539 -604
274 348
372 -203
573 904
485 311
-683 -796
-269 -751
745 -531
-189 575
-349 896
-371 238
-997 933
31 412
-562 451
475 467
-910 -266
394 563
808 -822
-692 156
-67 -887
-482 -180
-372 836
-482 -151
-437 -970
-824 -123
-756 -701
678 -807
-722 334
655 838
352 -579
328 476
328 238
24 -757
957 299
-555 -156
501 -733
878 915
-994 648
-807 918
-862 -13
-958 256
-210 738
868 230
-80 -713
-342 155
-82 842
-545 -948
699 262
475 -746
-835 -355
-965 -784
-137 -514
291 40
-210 -121
-504 199
528 -82
92 -722
-86 -551
-213 422
-349 579
810 566
561 195
-29 798
-985 -252
197 393
-891 931
-358 -98
-820 124
-73 -329
424 -465
261 -994
751 -95
642 969
369 -143
-955 -992
-784 -164
-920 -842
-662 -71
-893 -182
-459 462
-770 -470
-12 522
912 726
394 274
558 173
173 348
-779 100
-263 -55
-241 298
-166 300
575 -217
763 613
-176 -717
567 45
128 -642
-82 -463
-190 986
-673 -638
943 462
-400 -938
858 480
-227 265
-67 690
-193 -944
497 -608
848 647
336 613
-378 -602
786 343
719 -449
-537 -987
-485 -25
-199 641
996 990
-253 -276
-578 825
202 280
202 -627
-404 -365
-237 441
238 -184
-185 -111
-251 -933
331 180
-234 186
-536 980
-723 104
-515 596
800 161
806 815
802 470
295 633
-762 -968
-254 -813
-833 964
487 93
487 -104
819 -351
-874 -436
-18 113
-830 998
868 -317
249 575
964 -15
118 97
-367 -793
539 251
-638 451
-112 599
-34 787
461 -327
-810 982
754 -273
191 -615
-891 758
-235 195
-486 364
-24 829
848 93
-617 953
846 656
-860 -237
429 -695
-32 -71
-508 910
-650 -259
-999 614
-27 865
-268 -991
-115 613
492 0
321 172
-596 547
351 -853
-1 -992
228 336
225 361
-419 72
368 454
474 602
-331 -374
194 -769
672 487
422 -134
197 -742
83 316
-6 375
418 772
-630 789
-193 358
-613 -75
238 920
56 -209
719 -284
-999 -468
-254 394
50 -307
210 -31
79 -714
651 822
292 -494
848 -926
903 339
-109 -813
608 -725
943 -787
-791 -487
968 420
-440 -237
-219 443
-403 529
-528 -339
-967 -264
756 -772
220 -962
-239 -879
-867 56
207 187
-622 32
-626 -713
599 161
63 709
39 -139
991 185
-435 -105
305 301
608 32
172 -849
164 231
766 283
-498 232
-833 -143
382 925
403 162
272 -663
-53 -593
-750 -799
-812 383
-313 -818
228 -393
441 629
-770 1
-295 -850
-301 -620
-360 17
-264 -98
-726 -304
683 503
-564 161
783 -696
-870 -110
260 -393
791 -911
-892 651
-115 248
-647 -776
-236 -514
450 747
756 -525
29 -148
-379 -314
-13 404
-750 187
-581 460
-173 324
342 -366
-757 975
-354 845
819 -440
-352 405
-811 -333
-292 -973
-770 271
