2500
-3320 5567
-4408 3033
6055 -4846
9732 -9011
3880 -4557
9731 381
-8339 -9676
5542 7762
9899 1419
-3493 -1580
429 9505
3188 6134
-1330 -4282
-2910 5233
-4729 -5816
4115 -6448
4316 915
-9352 872
-3628 -2319
1423 -9649
-2413 3125
9129 -2360
1605 -5791
-1241 -3800
-5459 130
5671 -3308
-6673 7041
3631 -6781
4866 1395
-368 2207
-1240 -6637
-645 -3786
-6275 6123
1548 8438
8447 1073
6094 1401
1880 -9489
9420 -920
-1396 -6751
-7911 -3573
-1051 4846
1070 1539
-1866 4910
-7589 2233
9057 -2001
-4645 6396
-2430 9697
1961 6929
8087 -7123
-1845 -7703
-7707 -5011
-9019 7966
4901 -5768
-2217 6657
5244 -8078
-9980 2372
-4099 5382
8314 -2933
9642 -9814
9522 6681
-3900 1630
-918 3778
8349 9836
8063 3329
-4826 880
7380 7687
-9233 -3612
8566 9832
-6622 6913
5513 7564
-2120 5993
5094 -4019
4308 9810
6843 -2366
-5273 -6391
3263 2522
4190 5235
-547 8193
7047 -2278
-4425 2430
-8946 -2801
-421 -8680
-5912 -1222
-2291 -8875
6429 10000
-4715 -8961
-7701 9534
-726 -9222
-9320 4802
6925 7270
-3444 -936
1604 -8765
-5335 -2258
3103 -5921
2586 4021
-2171 -8826
2989 5088
898 2313
-4576 6848
-7296 -9207
-4119 -5701
4975 -3279
-7589 6202
6860 3706
4295 -9770
7561 9158
1226 -4054
-1586 -1815
-1657 1308
3882 7856
-9107 -6400
8981 -6857
-8208 -6119
-4466 -578
2560 -9703
-5761 1150
-7024 -1675
1755 9866
-9395 -1699
-3531 6081
3618 -3907
-4011 -5650
4633 2300
3045 -4100
7478 -4566
-6053 -7906
-5893 9638
4445 -3046
-6654 2361
-892 8382
-4735 4886
-7880 -3573
-7622 5874
-1956 -5506
-1949 9079
-2080 -2323
1858 -4821
-7284 4168
577 -3661
3711 6249
4163 -140
8750 -5431
7485 5704
-5949 -626
-5694 2870
-884 -9474
-3120 -2811
8402 -3308
-4809 3495
-2815 4406
1723 -9849
-6746 4949
1946 6254
-4968 -5730
-5044 -8735
-3426 9297
8509 -6884
1149 6985
-1223 9565
-1169 -9968
3811 -2086
5431 -6110
4404 1427
6562 -9758
867 -4446
100 3668
-109 -1207
-1679 -6847
-4294 -8486
4582 -2529
7208 -9242
3823 -6648
522 -9950
9178 4716
4442 4679
6447 2338
1007 -7136
445 -2613
2257 -6844
2747 -9227
6005 -5032
-2265 5179
3911 9125
-9878 -886
166 -6134
5928 4564
2085 -4094
-6945 8516
-4589 7819
9802 2165
7975 -361
-772 3743
3583 -4375
-9352 -6672
153 -8334
2224 -9287
-2720 -4511
-1834 -8717
1944 4649
-2651 9249
-6157 -8947
9648 3156
9564 -4100
3488 667
-26 -5723
-7411 -2020
-1711 -8057
-5894 4960
3254 7921
-4027 -6870
-235 -503
-3699 -2462
-6376 -9129
-1560 1069
4460 5435
-5058 8185
8868 5475
-3629 3750
3460 -7154
-2660 9098
7371 723
9359 -8720
591 1034
-6201 9731
5197 -5980
6376 6497
-6208 -9609
5686 4678
2219 4248
-8400 -7694
5152 6713
4632 8673
-3353 7966
-3871 3715
-6001 -8963
-5533 4501
-7459 -679
7944 2933
1653 -8817
-3208 -3329
-5652 4585
2575 -7733
-5125 -6539
-8842 9599
9166 -9330
9185 8900
-6255 5659
1193 -6977
1675 -9503
-8290 -5735
162 4334
-1687 4489
-2354 3491
6339 755
6435 7503
5936 3379
-7985 -6479
656 -6573
-9608 -6346
8667 9540
3275 -3885
2131 2405
8643 -9372
7087 -1303
-9681 4039
-8809 2471
-5320 7009
-379 -9834
-7192 -3404
-9121 1317
-939 -2499
4314 4498
-4713 -3300
7874 4516
5490 -9574
-2424 2506
-3682 -3426
8610 1314
6423 9067
9401 -5005
6921 -4762
2939 8405
9136 3102
9638 4979
-9902 -7809
3183 -9848
1161 9260
3577 -7342
7485 -9451
-4375 -7841
4283 -5454
-4586 -7181
2312 -2045
-7936 -696
9123 -2044
-1717 -8444
2812 5192
9374 8697
7754 -2393
-1187 -3228
479 50
1646 9590
5998 8920
460 5709
5413 -290
9878 -593
8442 8287
-2187 6343
-5958 -7691
802 3575
334 8550
6059 -4474
-8034 5515
-4909 8726
-349 9183
-8766 7210
-6653 -1756
-4631 -9619
1100 -4239
-4069 -3387
456 -3586
-375 -1263
4847 -4760
-6785 -2605
-8683 6788
-2853 3521
-602 -7244
223 -4965
3902 -958
4129 5107
2764 -2948
-4074 -3773
-3769 -3242
3701 8589
2323 6343
-2559 1939
999 -3373
-6385 6931
-5539 8951
6308 -9950
5968 -7140
4563 9244
-5280 6946
8667 -201
-8777 -3652
-1221 7261
-9919 2115
-9275 5260
6627 3977
6500 -8207
4502 3334
-9122 5678
-1665 -3443
-8689 7215
1807 -1452
-7 -2908
5197 -7329
4823 4824
-6315 2702
-2605 5295
-3513 -1178
-4444 -2040
8862 539
-4565 3068
6325 -399
7438 -2317
9351 5583
-3945 6326
-409 530
-7018 8182
8236 7813
6940 -1528
-8531 3421
9228 3642
-3656 -4648
3677 4382
6192 -5965
-4970 -8650
-219 -2211
5926 -7737
229 3293
-1679 1669
2544 -6282
-5161 -9384
-7457 2507
5040 -7378
-2426 7349
-3201 -6863
931 2215
8924 -3856
-8050 20
1214 -6298
-6782 -5751
-6727 6588
3320 9975
-1156 254
-4227 -9407
-5145 9118
4177 -6767
7900 -6475
4246 4714
8527 -6973
-4570 8774
-2186 -9963
-6889 982
-2375 -2999
-8583 3967
-9812 -9765
-627 -7884
-5349 -5442
8955 -2759
-1974 6947
1395 4410
-1894 -6759
-1613 7798
-2291 9649
7264 772
2383 -2382
-5335 -8515
-6053 2939
4024 -5099
2807 8255
1511 1465
-5160 -1468
-5379 8656
-3061 1442
8000 5825
-836 -5651
-6128 3847
7682 5202
-1939 -2688
9036 9720
-3768 -9843
-5025 -3430
4766 9832
-5058 -4095
-7142 -572
-2242 -4020
-1221 6223
-884 2708
-2950 9972
-1800 3118
5410 -720
8560 -9088
-3016 7055
-2256 -9003
-2215 2650
2332 6697
3592 2336
-2652 7996
7129 -9913
6766 7474
1831 -4124
-7315 -687
4641 2271
8753 -229
6387 126
8044 487
-2117 7805
-2889 -5375
-6785 9098
-7861 8088
-1594 1025
3126 -9812
-2645 6838
-5577 -5679
-8544 -2908
-5093 5254
-7672 -7376
6438 4526
-1070 5055
5893 3919
-6504 -5881
-7485 8269
-6535 3290
4098 1816
7117 -135
-1277 -2369
7946 5593
-7669 4134
-6999 2771
-495 6514
2098 6817
-6957 -7609
1427 7867
-4944 4786
-622 946
3145 -6350
947 4760
-675 1288
-6310 -6807
5213 -5834
-6208 -1015
8418 -9282
-4854 210
-389 2993
4737 -8716
-7642 305
-1553 -6132
-7447 -6431
-7559 -5031
5780 -6119
9500 -9601
-548 -654
4365 9976
3881 -5811
-1995 -2011
-2020 -4777
1988 -7785
7958 -6097
-7985 -9854
4200 -9860
4769 -4945
5364 -7150
-7943 1411
-8583 2525
-286 -1666
-2631 -75
3402 2882
9386 -708
2657 -1291
-8373 6137
-3676 -452
4678 5224
8405 305
8161 -4603
-9195 -843
-9977 876
6064 -2777
1737 -5310
-5978 1286
-7755 -6320
-6092 -7644
8134 2845
6611 9207
-3885 -4947
8533 -8715
-7465 2395
1496 -7338
6155 -6100
-5833 -3492
-1925 -1701
2325 1722
-380 -9326
7063 -5731
8583 3522
-2682 -492
-7778 -2146
5880 2280
7871 -2180
-3858 -2159
3506 864
2741 4848
909 9148
2520 -5963
-4997 6059
-6128 -3102
8591 -8
-5828 -4961
-6428 257
4012 -4492
-9913 -6885
8130 -8950
-4716 8109
-7777 5260
1148 -3004
-483 -4851
-9603 -199
4421 -3125
-9960 -2918
6940 1128
1427 4560
2796 3083
9882 1355
-877 7043
5122 53
7341 3080
3029 -6527
8212 9804
7152 9847
-3971 1565
1951 -7765
-1528 5388
-7872 -7391
-8720 7036
2987 1581
7737 -6395
8439 6540
9471 -6224
2281 1948
-5072 1332
-7207 7930
-5597 1038
6058 -5048
-8253 815
-1485 -386
3265 -1379
-7010 -3783
-207 2337
6084 1590
5863 9244
8354 1208
5515 -4970
2593 -7642
7529 -7712
5337 -4050
-6171 6244
-228 -903
3595 -7282
-6071 677
-3944 -9813
5924 -3521
4927 2306
9667 -2898
-822 8244
-7252 -9611
-8000 -4507
-7708 -312
-3767 -8764
-4846 -5659
-8879 -6670
2013 -377
3760 -1175
5184 4850
-3593 6200
-5588 -5617
-6155 8415
-5838 -5602
6926 -4041
-6260 -7022
-7716 -1850
-2796 -9817
9495 7869
-5634 -6445
-6409 4837
8477 -2342
8518 1494
-1045 -4862
-4971 5716
3322 203
-9240 533
9272 -8840
-1301 7047
-2108 -613
1655 7581
9770 212
-4298 -5030
6018 -2796
-974 6935
-7846 4544
-9818 6192
-4009 6930
2433 -4164
-5102 7134
7938 -9122
-2770 -7905
9885 -9313
6505 3525
-5574 9809
-6928 -5909
-8858 6995
-125 -6335
-8803 -3953
2239 2378
-4756 -5292
863 4995
-3652 -8191
2384 3351
-4929 2061
-375 -724
-4414 -6089
3045 -5701
-5786 -1765
1466 -5540
1897 -1668
-5660 6776
3909 -8118
-7328 -6507
-6957 -3958
-8130 7016
8533 5001
9163 -424
8637 7332
1886 -7694
-7254 -7875
-7739 5226
5796 1793
-482 6355
9306 7591
8828 -5542
-5010 2268
-8423 7895
1962 7939
-9529 -4795
-3800 6034
1476 -4003
182 -2525
7508 9068
-6634 8366
914 -2872
-7354 -2117
8420 8253
-6727 2631
-3601 5351
-9947 -9430
-8112 9204
234 -4568
-763 7775
-4074 1779
-7199 172
-1296 2605
2916 -4514
-8132 -719
-1065 6763
8728 -2617
4853 6263
3239 -3258
9444 -6344
-452 -1561
7737 551
-6333 8356
7347 -7256
6996 8391
8 -589
7220 -3731
-4105 9109
-87 878
2546 9221
9016 20
-1802 -4448
-8728 -5369
1015 -9619
-6313 -1469
2267 7596
-657 -9030
47 -5582
7124 -7917
2749 -2044
3275 -2849
-1694 -1305
-1671 4156
-4344 -525
-2568 -4268
6752 5679
-5299 3201
1203 -6745
2362 1343
4861 8001
6715 1755
-7388 -7914
-6696 -7848
4416 -1441
-4271 -2486
-2134 -2193
5393 6450
3867 7477
6314 -9841
7849 7319
463 3676
5450 -7796
-9560 -827
-1269 -5131
-2006 960
-3819 738
8052 858
-8971 -8338
-5695 -6005
-3975 -6779
-9055 -2985
7508 6693
9476 9639
-9533 8206
5211 -210
-2306 -4326
324 -2588
7920 5837
2364 -8959
-7210 -2630
-646 -1414
6115 -9329
6397 4076
1798 9277
-5134 3657
8498 9126
-1432 367
2703 718
8011 5184
-9515 4888
-9910 -960
5724 9275
5618 -2767
6014 -1987
3452 -1045
4983 -6331
8976 -3810
-971 2650
7756 8710
-9315 9264
-2374 479
-7051 -5090
-7693 5579
75 -734
1455 1953
1089 -121
5244 -7815
-3360 -1502
-5942 -9634
1944 8499
-9913 -6106
-1478 789
8631 8032
1512 -3154
3003 -4164
-707 5574
3668 -7252
8201 -2402
1405 1476
-6902 5680
8357 4474
581 -3045
2293 1670
-6083 2965
-3855 -2079
3593 5708
7465 -8911
8461 8128
-4276 8601
-3252 -1876
-8054 9106
1773 8733
-4085 -7108
-531 3935
-3384 -2363
9716 -8321
9139 5551
244 -2166
913 -7043
3651 8045
-2526 6100
-6937 6752
9178 -3898
7910 244
563 7334
-9601 -736
4654 2748
-1764 -1728
-8703 2091
7369 -3170
-8330 -1488
4557 -1870
9766 6242
1050 3437
7581 -2475
-2738 9919
-7026 431
-7009 -360
2412 7069
4577 -4163
-7229 -8069
-1373 -2341
-817 7872
-274 1124
-820 -6161
514 2649
6308 558
1729 -8529
7342 -3056
-4884 -844
8148 -5969
-9944 2351
7526 -879
-2074 7868
1704 -6268
9979 7212
-9574 -2468
7447 -2541
9309 -9937
-9867 -6
7365 5905
8626 6878
2350 -9134
2084 -9318
4641 7249
-4382 3537
6831 8813
-4675 -4943
6879 -6765
-9243 4961
9149 2852
-2300 -4564
-6793 -9000
-3431 -1868
6539 -5482
4721 3305
-1405 1433
3136 9893
684 -553
-5285 -6769
-1533 6171
-7391 -3692
1371 -8307
-582 6120
-9547 8500
8884 -9167
8709 -2064
7600 -3148
-9904 -1655
5545 -1356
-4241 820
7483 -1593
6237 -1032
-328 -6286
-6987 4685
-4935 9226
-5204 7453
9491 9259
-2989 435
2177 7210
-5268 -6273
-9738 7302
7387 6627
-6929 5847
5593 -9403
-3647 5760
-7745 1394
-7940 1352
2466 1460
3238 4984
1713 8818
-8756 5450
-9338 2393
-1324 3826
5674 8056
3849 8595
-2248 -919
2088 2068
1833 5977
-6851 -623
9459 -7956
-7415 -3569
-7978 -1703
8084 -5468
-3950 7687
-1471 -9196
-9381 -1096
2722 2186
-8932 4664
6836 5042
3392 -2912
-9363 -1016
-3713 -3533
5574 1211
-1044 -623
-6776 9080
-8339 -3748
-6097 -8903
1968 -8792
7231 7125
404 -7778
1493 -7368
-7654 -868
-822 -7022
-5097 -7392
2409 3167
7301 4807
1451 -4733
-2676 -2081
-4857 -9291
-4164 434
-7157 -6597
-1612 -7208
3792 -8159
-1997 5089
-4964 5376
3341 -4796
304 8846
6838 1606
3777 -4551
5881 930
-9538 -3465
-7618 -6990
-6245 -3402
-1575 8650
-2872 -2275
-3997 -6102
9723 881
-9936 8268
7624 8715
-5998 -3792
3962 8367
4021 605
-189 8257
3157 -2675
3463 -3550
-1281 5630
-7001 6384
-3689 5491
-9985 -1364
3980 106
6553 3568
-9872 4382
-1705 2565
-6239 6544
-6120 -7886
9584 -3149
-5477 -2346
1600 -8366
3736 -804
-3442 8039
-3958 -45
-3099 4155
9688 -2527
-7215 -2825
4679 -6479
7856 -9988
3076 1416
1594 -5832
5360 1705
-4571 3356
4187 1016
9293 -2636
2438 -3598
-9582 1568
3503 3303
-1587 9687
7701 -3330
-6844 7892
-4340 736
-1669 222
-4736 -9120
-5847 1570
3846 5500
7006 -529
-5256 2715
-8275 -8666
4210 5573
-1874 -3837
-4868 -1343
9074 -2426
-1590 -9524
-2859 -2825
-3327 -5077
-5799 -5681
5534 -7891
457 2081
-38 9495
2501 8649
9524 -2748
-5870 6649
-5083 -5835
-1642 -3162
3416 6279
6754 3194
9836 -4564
8256 -1900
-5323 1377
-1119 3473
3474 -9340
-2051 -7233
-93 -5220
9424 -5528
4316 8656
-7794 5320
4222 762
-9991 -3353
-3334 2444
-1631 -124
-9915 -4137
49 -698
4708 -6732
4472 7572
-968 4535
365 -231
-4403 5769
3376 117
4038 8515
6315 6147
-5307 8184
-1688 3769
-7917 -7301
-5380 -9246
-3688 -6900
-9236 -4562
1020 9160
-6032 -9578
-218 -1456
4446 -1120
1174 5705
8162 -686
-3941 4797
-8000 -9001
215 5869
5318 1957
8445 1913
-4994 3712
-211 2993
-8059 2108
5509 3676
5226 732
-9365 -648
-7974 1286
-375 -5052
-4148 3534
-3923 -8669
5911 -7819
-5623 4878
6133 -1798
5658 3855
-3464 6547
2389 7422
5564 5887
3239 -2481
-5750 -9700
-707 -5698
-9239 7582
4259 4780
-9465 -3517
-1064 840
1128 -9072
-133 8220
8165 -1723
9062 724
-1074 -3895
4378 -1553
-1215 -1174
-572 7167
5062 3859
5679 -6512
-1018 -511
-7180 -4633
4649 -5658
-9127 1439
-7470 -30
3622 -1436
8104 -4955
5290 -5773
7273 5893
6724 5248
96 -9482
-8315 3611
9432 9635
-5082 633
-7901 4005
3133 -3580
5594 4161
-1388 107
21 5048
4610 9958
-1827 -936
-4851 4234
-1298 7721
-9517 8890
3087 -9898
-9325 -5972
-4241 5612
-8283 -91
-6461 9985
6489 5932
6494 -8460
-749 -1012
2037 -3184
2661 7739
-6667 -1459
9103 111
-5610 3772
7532 8950
3532 6731
369 -6698
2886 -7192
-2089 1524
7975 7632
9254 -4256
6306 5973
-4973 4053
-6556 1782
2225 -7420
-791 9397
-4507 -1892
5463 5815
6956 8067
-8253 1530
6655 7750
5885 9530
-3892 -6770
-3223 5991
5046 394
-2386 123
5077 -2740
-502 3498
6258 6317
-6858 8494
5633 -5166
-4323 -9116
-9068 -8605
4257 99
3459 6097
-4665 -7793
9454 2278
-7807 -2913
-1893 -4785
428 4385
2943 502
-9771 -4876
-8001 2376
-906 -3469
-4846 3929
4390 6539
4567 -1445
5121 -4760
-1812 5075
-1624 1172
-9759 -3210
-7153 -4588
-3891 -8972
-1968 -7447
9177 8459
9159 -3738
2271 3708
9804 -8970
4520 -8357
-6923 8963
8464 4763
-7415 7793
1995 5046
-2414 950
-5201 2355
-5506 -9364
-5202 -1211
-8580 -8358
5729 9924
9877 -4396
-2232 3812
3667 -4533
-4356 5377
-1267 -7216
98 4947
-8806 -8380
5898 -564
9211 2375
-5673 -6504
-8710 1800
1275 9439
-9222 -183
-1694 -1064
-7335 9655
9283 9562
4932 7455
7956 4329
2319 -7041
3853 -2469
-3949 2163
7129 -8493
-9908 -4933
-9402 -4188
6263 -6553
-7135 -1715
4235 7523
-435 -8490
4504 6520
2564 -7493
5948 -3074
-602 3885
-4130 -3735
216 3517
-465 -7618
-5923 -9471
1696 -1867
-9712 5208
9182 3710
5602 4014
3909 7088
2729 4090
8979 2349
1820 2532
7985 2460
904 1313
2449 -8628
-3072 -4488
1011 -556
-5849 5299
7510 1783
9882 1561
4495 7820
3115 1120
9448 -7018
-6188 460
-1661 -1719
9498 4119
-4615 8328
8234 -2164
6023 -6907
-1803 -1434
9396 -4049
5973 -9401
-4712 9498
7202 2636
9533 9759
302 -9474
-7319 -7184
-6436 -2283
2348 99
6909 -1328
6431 7337
-8920 6658
-8511 4332
2247 6777
-1263 2989
8637 4009
-6264 -6801
-1350 4355
-3232 7688
-3946 -2824
-3193 7077
-201 -4468
-9872 -9778
-3893 -3782
-1395 -7445
7427 9525
-932 8833
-4165 8604
-6898 -2272
5805 1360
-1147 8874
1534 -3692
431 4344
8864 8349
4698 -5407
7580 -6993
3993 2925
-8433 7972
4415 1242
7080 6070
4831 6761
2907 3241
2086 -7174
-7240 -6849
-7655 -7573
-6357 -7894
-9143 -7975
-4599 7621
-2926 -1145
9689 2889
8631 -8593
5532 1633
-7986 -53
-4779 -9716
6010 6029
1268 -4009
-6638 2590
6859 -4866
9349 4049
8946 -5638
-1775 6610
-8056 -6048
-4532 5679
8268 9333
-4448 9802
-7687 -9012
-6255 -8902
9563 -2436
-6107 9367
6156 5021
-4960 -5768
8031 4362
9041 343
5004 -6654
-8522 -4826
9129 2056
-5053 4162
-5084 -1720
6641 -5359
-6651 8582
7340 4624
3937 2651
-5624 -9055
-1721 6871
2724 1857
-6946 7387
-4263 -9936
-3202 1369
-4779 -7068
-5666 -5648
-8263 -8251
-2002 -2175
5565 -3758
3909 1699
6359 2392
1878 2334
4998 7333
-2783 6984
6660 9568
4803 9292
7055 -474
7386 -2959
-742 -625
-2626 -1576
-2790 6323
8067 9335
8910 -5438
5929 9714
2522 -4094
9639 9402
-2448 -5518
-9259 6167
-8861 4652
5363 2967
-5339 -1589
-4179 -8245
240 3442
-1747 -6093
-7632 -6788
5993 -8357
9415 -1957
4869 -7666
9299 -5918
3863 549
584 -259
9560 8226
-5089 -5350
8661 -1469
1649 -8168
3789 -3558
2297 3028
-6550 -2936
6471 -5400
-4544 1504
4663 5899
7933 4439
8525 -9287
1252 107
-9371 -9494
-6156 -6211
3993 -9338
7383 -7482
-2402 6859
-5506 8609
-6444 -7374
6648 1962
7721 -8300
629 7591
3020 -6662
-5280 4588
-5889 -8433
7214 601
-8342 2992
-6567 8472
1148 1143
-8289 -3254
-7456 3508
-1130 -5955
3154 8697
5373 -7063
-3784 1506
8191 -2858
6150 -1393
-5056 -7733
-675 -8176
-1574 4412
8957 9089
3872 7693
629 2190
-8719 -8687
1617 -2046
-8015 -9977
-2582 -9998
9732 -9618
-5692 -5324
-205 -1922
-3859 -4537
9266 193
1601 3206
494 -1995
-7307 4828
6258 -1805
2830 4338
-272 -7055
7203 -9794
9869 -391
-2568 6434
9856 5087
-1762 6916
-7108 -2593
-4383 -1240
-8752 -7344
7454 2086
3716 4331
6114 9841
-3052 6442
1043 672
4779 -4939
2141 1976
5124 8689
5776 -3772
474 -1667
-8136 -5310
6577 6984
-7351 -7337
-849 4964
8499 9006
-1921 -5459
-4083 8076
5535 -2
-244 -820
-8071 -460
1149 -5295
7290 -7115
-2460 9711
-3190 -5040
-1690 -8293
2021 4015
8655 -571
2965 -3614
5720 1706
-3859 -9433
-2812 -4559
-2126 -2534
-5248 -7279
-3027 -8671
8512 5419
2605 -9883
8231 3185
5938 506
-4797 4987
7022 4929
-9069 -2456
-9011 3747
-8674 9602
4065 -9482
-2387 -3650
6470 7447
-997 -4704
5761 -5768
5891 2862
6582 -4166
6769 -7459
-9351 -2571
-8836 2168
-9224 8392
-739 -4054
9404 -5698
-2575 3722
9936 9832
4658 -3040
-2590 -2251
-5227 2111
2264 -6808
-9413 -7954
4021 -3356
-3920 -5934
-8597 -3532
5301 9726
-3639 -6949
2340 -1076
-8445 -293
-6696 -5012
-1636 557
-1033 -1148
-652 398
5569 5427
-8779 -3524
8349 904
-1593 -3458
9906 -8668
5604 2530
5724 5788
-5415 -3588
-3635 -6442
9391 -849
-1582 4272
-1449 7894
9027 -3969
-3502 -7801
8123 -3707
4241 5548
9385 -1674
4637 4461
1106 -5416
6864 -9018
4184 4797
2441 1840
-4200 9213
-8264 -2134
-4513 -5460
-9451 -2139
2216 8906
-7142 -915
-723 -202
-7620 -2073
-9899 -4154
-8085 2408
-4517 -5349
8101 6510
5781 2095
5067 6496
-2584 7043
9210 5941
-9658 -5886
3031 -4529
6995 8228
1347 9132
-8768 -1610
-8628 -6330
2517 -600
-7140 -5067
-9901 -9010
-4413 -6527
-3538 8357
116 -2380
-2311 -6920
9491 -3488
9926 -1751
6023 7158
5913 6419
4516 -9704
3932 4618
-8973 3897
-9469 -6243
-3853 -8200
6040 -5453
-624 3116
-4608 -9224
-4523 -7421
596 -9548
-6477 5364
-5343 6394
-4910 1539
-5436 -7673
-9740 -9893
9363 -103
4528 6248
9042 2452
7975 -5294
4465 -326
-3900 3482
-9288 -324
5388 5581
2929 7350
9004 8172
-9945 1479
-5600 5746
-5999 5485
-2185 -2433
9718 -9891
-953 -398
-8997 -8974
-9043 -3634
-4844 3988
-5960 5348
3425 5288
4396 2341
2743 -2700
-4291 -5559
-4978 3254
8482 -4147
498 3798
5766 1126
-1102 -5333
-8976 -9240
2308 3816
4308 -7628
-5520 -1876
2386 -3924
-9839 -6817
2896 3572
2398 1164
5383 3366
-1419 2519
-4930 9354
-3589 -5729
-8050 -3457
5162 1777
-1647 9759
-3954 -466
9941 985
2899 2636
7732 8178
-3723 7745
-1658 -7430
4368 -7163
1306 9824
-2370 5871
6129 -2764
-4301 -1662
4338 -8393
-5324 -8802
1733 1038
-8302 -6389
9240 -3817
4441 306
-3749 8523
8075 -653
-7470 7699
9360 -8335
4046 7212
-2245 8262
-9818 3183
-8409 2338
-6819 6110
-1402 4271
-836 8033
-8903 -8122
-4002 4110
2266 -9843
911 -6863
-7122 -9651
-1735 2107
-9359 5764
-1572 3580
-7737 3598
-2533 4387
-2432 -5370
3649 -9502
-7733 -6858
3475 -6881
8177 -975
-9302 -8427
3373 -5579
612 -5042
8620 6741
-1018 -1711
-5885 1149
-817 -8441
-2515 -1026
-2591 6655
-3990 -5792
6454 -2703
6037 -2252
-731 -554
3367 3961
8630 -9906
602 -973
-582 -8397
3410 2837
1428 -3435
2929 1219
-5215 -9296
-4815 767
-5535 -569
2528 9635
-1643 2040
-6907 5162
7375 5764
-3856 2957
1370 2701
9014 4255
2476 1336
-6836 -7598
-4077 5313
-7712 5753
-6412 6732
8674 9926
1218 3714
9871 -2716
5056 -6404
-3245 4078
-671 5675
2699 -1474
8716 4293
293 4297
-4912 -2307
-6274 5469
-4168 5678
-5676 2047
-2860 8010
3342 -5413
-3564 -1075
-8110 -8404
8274 -2762
4287 3990
-5072 -3577
5076 -8705
7106 -7874
5584 -1383
8682 -9713
6759 5298
8828 5832
-2406 -3472
-5755 -4280
8742 7885
5339 4462
-5071 -8121
-9988 744
6004 -2663
4486 8356
1150 7223
4791 -4852
7333 6685
3870 1364
-7067 9384
-8226 3450
5400 1097
7775 5161
5690 2233
170 -124
5358 9369
9620 -3235
-2469 -3538
4037 -4527
-8305 993
8319 1335
4171 -2356
-4293 -7212
7396 -7623
3496 -8026
816 -6028
-7347 6017
5252 3920
-2143 -6837
1058 -4749
-8041 6757
-214 1986
-4592 7457
-9477 8062
-8703 9753
7968 -7522
8048 -8431
-4643 -6381
-6914 2963
8850 857
8219 4305
-4255 -5488
-2572 8778
2772 -8145
-9750 -3795
4409 575
4189 8460
-6450 -5104
-8922 -8968
325 3424
3007 6656
-9966 -3969
8731 -4441
392 -7471
-2226 9893
1943 -3126
5482 -638
8170 -6576
4685 6138
8793 2356
2706 -5362
-3172 -3829
-4517 9194
-8956 -1429
-144 2709
-3248 2297
-8375 -1932
1133 -766
-2699 -2606
-5025 -5849
-8442 4537
-3910 8159
-5865 -3958
-8920 6191
-2919 -5483
-1391 9886
-9301 9594
8265 9211
9552 9875
-6531 -8828
-8274 2528
-940 -2039
-1286 4641
7767 -2015
9365 6648
1908 7114
-1528 9106
-9483 1589
-9167 1726
-6141 7358
5868 4309
8618 -3033
-1648 -1386
5649 3346
-5324 1841
-3776 6856
-1409 2904
-2005 3107
7310 -3580
-3085 -8264
-6847 5160
4056 -3049
3088 -8248
-2649 -7400
3722 -192
2085 -4016
7129 4263
2004 4733
4934 2394
-6653 1254
-1644 4306
1151 904
-9587 5029
1682 -7070
3119 2091
-7897 -3919
-7582 -3635
-3696 -906
-6294 5052
-6008 2068
-1776 -5295
5865 1722
9576 -6927
-4376 4557
2277 -4899
5174 -2667
-882 4513
1326 2583
9535 1921
-9260 -399
-3943 3018
-2816 -710
-2130 -9109
4605 -4181
-9393 6736
4399 -7305
-4465 -4023
4858 1706
-7545 8955
-5804 7603
-1426 8505
2768 -2284
-6137 8753
-9766 376
-3824 -9999
-1523 9898
2921 8390
-7349 -769
-6211 9713
-4605 3192
581 6054
8654 -2398
-7248 -2270
7139 893
8955 -3617
7718 8067
-1753 7427
-6050 1904
-2437 -4959
-5430 -4885
5993 -7208
8553 910
-215 -2230
-5210 8183
-1386 9008
-6718 5747
-6156 2784
2834 -4041
1623 -3743
-610 -8873
-2100 -8175
-234 5133
-5156 7207
6049 -7534
3622 2235
-761 6364
5552 2743
-5321 -9119
7836 2335
-3063 -4311
1885 -2460
-5740 -1998
9474 -8741
-299 1893
-1304 5044
9497 7532
185 -4849
-8894 4676
8278 1416
5254 -5484
-8302 -9556
-4184 2718
7387 1162
8483 -81
7228 -6697
3305 447
-2248 7646
3548 -3100
7362 -7405
2902 -9989
3315 -4529
-9991 -2494
653 -8548
8757 4322
-4410 6613
613 -6283
9053 -4742
4229 2237
5089 7386
-5248 -2053
8257 -8890
7091 -1249
2843 4635
808 -462
-3173 553
-4166 -4187
-3975 3144
1156 -8899
9979 -9489
-5309 -1940
-9950 -4930
1566 -2435
-3477 -790
-3963 5031
-6669 -6666
6770 -9483
-2395 -8850
-3941 4169
8005 5852
4592 9741
3029 2150
4343 -9119
-9418 3097
-2870 -9595
-8487 -3366
-3612 -5181
6924 -7881
-6109 2054
-5278 7055
-2886 6455
-5413 -7923
6105 -9564
-2329 1405
7390 -7692
1709 8402
-5496 2511
1272 1108
-8989 3813
1281 5972
-5013 5756
-1256 8993
-798 -8922
-5269 8418
886 2530
955 9191
279 9260
8883 -3445
1874 1310
1344 5435
7099 -690
-1014 -9411
9461 6607
2720 -3363
-9612 -7176
3030 -8723
-1926 -2198
-9362 -2585
-1769 -5722
2107 -8898
7878 832
8862 5694
-5040 -9214
9682 9634
7255 -9894
2367 -2019
-1763 348
-5925 4263
-8800 -5137
5790 -8606
3139 -5995
2096 -9098
-6140 7311
-9095 -4772
24 4159
7481 -6861
-5959 -3004
-1219 -3483
9842 1225
-742 2089
-5579 4485
5951 -8693
288 8758
-1426 6238
2217 -9729
9041 7052
8826 5887
-6262 7659
-4509 -5111
6157 -724
6902 -9370
6138 -6497
-7963 -7476
9904 -437
-7179 548
-7919 5045
-9929 -2184
2165 3820
-3075 -7738
-6372 -6901
-7253 7256
-7773 -5876
-5648 -3087
1555 -2209
7625 -6621
-3579 -6025
4781 -8927
9689 -918
4924 8285
1566 2939
-5843 -3738
7402 -7394
-7041 -2589
9256 -1317
2709 8634
1524 -7687
4783 6418
6559 -7449
-6721 -5685
3439 -3183
-3798 -7845
-4444 5736
-7541 -2675
3920 -3445
3022 -8397
-1374 6348
5153 2024
9771 9720
-9091 2440
5096 330
7582 -4674
5968 -848
8531 -95
4193 3997
4709 -9548
-5896 2121
7386 -1343
1829 -9909
-6112 6161
1828 -5678
4831 5881
-3264 3124
-4246 4840
-7507 -1431
3728 -8309
5175 562
3685 4802
6905 9986
4440 3519
-1177 2487
8338 6646
9964 -4249
-1246 -8410
9156 -7369
-6137 4278
-2040 4667
-8621 -2342
3270 9729
6234 -5356
3049 7155
4192 7718
5895 1183
-4306 -5605
6501 -6160
-7055 2981
6617 6318
-8807 8375
5652 87
8529 5074
9691 8644
1617 4175
8608 -2235
2186 112
-7195 2255
-2490 7398
-3480 7233
-2252 6340
-9587 9775
-3201 5074
-8243 6490
3876 -2611
-1733 -4440
3954 -5176
2257 1448
8789 -8507
1627 -8684
5561 -8341
-7931 -9704
-1357 8941
7129 -9463
-525 677
-9929 -8042
-5060 1372
5538 9022
944 -3973
-4129 5075
7232 -3057
-619 -7995
8580 8788
-6496 4946
6560 5365
7595 -403
212 4279
-656 -7351
2018 -9095
-4604 -9562
-4161 -7060
1057 7470
-6806 -6997
7325 483
9307 4064
-8271 -6935
9647 719
3215 -4861
-8621 -5864
1829 3176
-4085 4472
8567 2560
9721 -1387
6858 -32
5151 -6600
-9101 8484
5698 -9134
-5875 -7866
7 4308
2313 8605
-3205 -7400
6279 -6440
3201 -4118
-9718 1802
-3983 9171
1128 8514
-344 -8879
6054 -2910
-4409 4359
8362 9557
-3001 -2526
-8830 4074
4175 -2577
3344 -7879
-1101 8819
7159 5195
-4749 9783
-4764 5202
572 -7219
-8401 9337
-1325 -2634
-5202 -6075
-4736 6772
-2370 8400
-7413 6614
-5194 -3475
-1283 -3678
-4230 -2932
9750 -4818
272 -3798
7182 -4067
-7731 2593
2634 3702
-5316 -4807
-3177 -3552
3071 -3792
-659 2735
5216 6208
-8904 -5618
6529 3930
-5137 5411
-917 8122
1809 -5258
-7487 -1436
-7884 -1452
-5666 2813
4678 3610
-8784 7476
-8338 -8725
4674 5141
-420 -6731
6446 -5131
-7311 2759
-3843 1639
3886 8693
4757 7097
-9805 -95
-7971 7038
5393 -1115
8209 -6730
5582 5217
-7464 236
-6536 -916
-9247 9816
1214 403
-9869 -9547
3456 7559
-2960 -9716
7355 -5062
8324 -700
-6478 2072
-9701 -1847
-7805 -4333
-8268 -1152
4154 623
7276 -2986
-7436 -5590
7531 5826
-7948 -5442
-327 4216
-3399 -7004
-6229 2947
2526 3046
4504 -8209
-4171 4909
-267 -9940
4721 -9268
-367 6776
-2218 6106
-5620 7075
294 4930
-106 420
4821 -9921
-8755 2652
-1355 -5052
-7336 8789
5378 7558
4672 3776
3164 9749
8571 4574
3149 1710
7272 -5212
-5550 3854
1178 -907
-3468 -7440
-6512 -9992
4936 4044
7854 5123
-3958 -40
1551 2009
7233 9463
-1373 1517
6900 -9537
7715 4263
-9006 3115
-2330 -2464
-6220 8524
-3919 -8533
-3753 -1766
-9391 2037
-8606 7637
8232 1627
1394 647
-8664 -8744
4416 -3565
2602 -4354
-7640 -8427
-3240 -8962
1147 -5074
-6657 457
-7217 8001
-7591 -893
-9794 -5280
7133 9526
1289 4383
6780 1673
8485 -4002
-5326 -6576
-703 776
7540 -8163
-8491 3621
-2381 5469
366 1447
-1413 8934
2184 4837
-1464 5070
8010 -1652
-1083 -9309
-5760 -4057
970 8493
-9715 -377
3764 8977
2137 6004
2449 -7382
8689 -8302
1127 -7300
7943 -9967
6925 -2183
-9897 -9480
-807 3034
4561 7794
2519 2058
-3812 3803
-5235 8135
-7660 6772
8990 4563
-5902 -3254
2899 -1121
-2641 7960
-5063 -476
-8872 7228
7890 782
-7648 -6084
-7558 4566
669 8427
5735 4663
-7309 -9041
596 9812
2833 -9872
-4157 -8210
-5624 -1788
7811 -4537
-8742 7182
9994 -8084
-3777 -4020
-8305 4602
3756 -8473
9610 -4947
5005 -9727
3588 -6155
-9906 -1293
5777 3192
-6737 1578
1289 -9456
8794 -3871
407 -5309
-9952 -2472
758 2731
3809 7490
-1626 -746
-5454 7179
-8343 -3098
-3467 3147
-3736 -3341
5253 -2938
8725 5089
709 -6372
-565 5744
-2059 6632
7248 -5814
4857 -1090
-3023 3053
4353 506
4083 -111
-6765 -4773
-6036 513
-4087 -6951
2059 -9357
8942 1357
8007 6930
-9377 -5373
2970 2099
-953 203
-7667 -1704
7114 -5352
-8951 6780
5713 -3374
444 4257
-2481 -2188
-2394 188
8974 -8304
5457 -9431
3063 -4228
1535 5734
-9418 -4986
8432 -791
8643 -7609
2982 -387
8332 7159
8709 3700
-4842 -4193
7446 4925
957 -3120
-5092 5741
9997 -1794
-2862 9047
-5766 932
-8461 -4727
8460 598
-8674 -6099
1370 -6911
-9796 5194
5373 -106
1432 6468
9847 -1961
-3485 -5077
-9952 5328
-8180 -4744
-7575 -627
1888 3906
-4735 -6523
9739 -7296
-2436 -588
9547 7653
-5019 7518
-678 4062
867 6765
5995 4801
-8708 -6001
-3962 -1363
6121 -7936
-2906 -6800
-1581 -6786
-6613 -1048
314 -695
975 2376
-5893 -7766
224 7896
3251 8603
2527 8851
6449 6256
-4196 -8427
-7310 -436
3225 -4728
9974 -712
5160 3202
