5000
116 -869
84 -652
902 -549
-768 -610
-565 829
302 -887
-115 650
592 -944
769 290
332 419
-139 -421
51 -390
157 -459
71 -929
-698 -231
322 637
232 405
772 480
492 218
-511 874
-705 939
-99 853
156 -503
664 -341
-182 238
-562 392
-132 -432
-78 947
-928 874
-592 915
670 -999
-845 -690
-886 827
171 84
-727 -652
-804 -990
-671 -476
640 580
911 52
911 805
-980 556
-511 -624
916 -607
548 197
808 348
-543 689
-548 -331
657 -158
-428 -972
177 -45
602 508
568 35
-365 -152
604 648
-976 238
29 576
447 884
-49 367
604 467
176 433
-267 -55
-545 639
862 -204
652 -165
461 -465
397 958
650 -521
-152 269
532 813
-568 -508
-138 -636
-401 -787
-665 -698
376 341
830 -356
618 -370
682 758
76 -278
-992 485
-939 85
187 378
675 -535
609 -787
245 -455
997 -221
-653 -584
-460 -150
-52 -75
-934 -162
-269 -393
-540 670
-726 300
-925 -158
691 476
758 763
251 -958
420 697
708 -839
-355 -86
503 -598
749 846
331 -679
228 -859
-594 287
-753 803
461 27
607 -342
-405 400
298 228
-895 -531
766 441
-205 624
-114 -598
-4 436
-929 247
-545 814
644 -950
80 -114
-838 -843
20 -602
138 -882
306 -478
-241 -855
-912 168
-503 571
-435 561
-454 569
-986 -488
-50 957
657 616
314 -462
775 166
325 178
-735 -945
684 -895
-314 125
209 -483
918 591
711 -410
-968 -405
-687 -969
-909 -107
943 -662
-206 389
830 243
-272 683
481 -865
-923 -180
-501 678
783 475
-805 639
-719 878
-760 -327
-688 -721
-573 296
505 824
-571 725
504 -432
999 470
443 366
234 84
942 -221
-647 -222
365 -722
-230 -882
70 -805
164 -990
450 205
-343 266
-571 -798
514 -758
-585 366
-350 743
-448 -425
409 -587
-215 -799
-251 -902
-408 761
-905 63
771 -487
709 -450
-884 -531
636 -71
-880 -561
356 -878
-551 -555
561 81
-964 -241
-313 549
-385 -36
876 -406
889 -18
894 151
-179 739
381 602
822 -825
-487 -893
-408 268
-568 460
-511 988
-164 -718
885 486
-741 752
119 115
-360 -725
765 84
332 201
216 404
-963 436
-353 849
-671 932
-905 -522
-180 413
-685 -575
-95 -189
929 -457
-961 130
81 -965
-200 -533
971 -89
336 -344
427 198
581 145
811 -910
747 23
255 -822
958 758
-256 866
-640 358
-444 524
-166 212
339 -948
926 -102
58 905
375 720
691 -358
458 -346
-837 -127
54 -205
323 585
626 954
790 -468
-910 -53
-5 -399
-91 -172
-651 -614
-296 -965
590 411
993 150
-503 -372
-566 933
505 -452
121 -131
-185 560
-522 -765
478 -645
135 -517
230 619
528 -85
-246 421
213 -277
198 233
726 699
243 -545
995 905
446 309
556 -19
-38 -333
727 -93
24 134
-225 -20
-656 640
106 -752
772 519
-277 -766
274 -952
-318 -723
-515 -989
-303 -827
82 -166
917 153
-554 -201
-318 890
825 -406
-468 537
268 221
977 575
109 81
-586 515
-714 -58
-661 -361
-902 925
444 -225
-291 542
-683 125
-646 415
-48 -658
407 480
-716 784
-155 338
732 209
-715 -734
-82 -390
942 448
751 -426
-993 -624
-614 -866
-542 505
989 241
776 -116
47 -405
-706 951
-636 -599
-494 -732
-576 -218
-975 57
686 13
-141 686
660 745
-45 55
-660 -253
-125 470
-596 -203
314 -756
-811 765
611 -142
246 700
-294 658
-326 266
126 847
270 947
687 -366
69 127
468 860
837 -709
446 570
150 872
579 -852
818 760
601 -943
810 257
532 467
597 -15
-283 -763
-567 54
-413 813
-490 -679
-540 659
-800 956
362 903
-940 -361
-70 -119
-453 -718
-520 -257
-623 331
512 -456
-10 699
359 -137
-294 967
608 422
-13 -963
777 -853
-140 -339
-384 152
9 920
472 411
335 928
-985 303
-512 -750
864 -425
-851 -513
807 721
-492 -236
982 -288
543 -891
120 526
109 -314
792 781
-774 -415
198 -614
374 473
-617 -884
-759 -226
10 -768
145 -241
-593 10
982 -745
351 -539
773 990
920 154
169 -657
103 -4
391 -277
140 892
970 -282
-603 763
-12 909
679 665
92 902
-436 819
-357 489
853 -913
-617 -382
-749 286
-958 192
-79 513
591 -661
-276 32
635 -226
421 -6
588 89
-860 -19
-669 -511
7 357
-440 437
-455 -958
-96 522
-962 600
652 -240
319 -460
73 921
491 -950
-945 452
935 -680
-274 672
-526 -742
828 -900
28 -80
-447 956
43 -378
-33 488
-913 862
-351 444
-952 -404
250 658
784 -890
945 -719
166 -961
824 287
971 395
307 -976
455 -893
-643 669
-489 467
-956 -721
-806 673
-88 -780
-36 -271
703 475
-170 973
-697 2
-66 -354
-266 291
-211 136
-146 -216
-80 -603
906 6
-710 574
-363 -936
532 -993
726 86
-477 667
-998 432
810 458
682 317
-32 -877
924 691
294 49
-840 -855
334 340
195 298
-310 -507
-87 813
53 6
-835 965
-193 -742
491 413
-770 -35
-282 -303
-781 769
-105 680
-400 238
-220 -804
-176 -638
185 65
-938 -970
-559 45
314 -445
-641 -115
546 -358
198 -886
-212 921
122 -38
-617 241
206 -473
260 -175
807 -343
480 3
557 -449
-212 -594
-236 807
742 447
-329 29
-155 -873
56 -610
229 -987
-762 492
-806 464
592 -685
550 288
329 642
-298 963
673 -549
149 192
970 -961
676 826
-888 -408
-686 -682
-799 -147
680 742
939 177
157 -265
-598 538
158 251
785 -445
-237 -741
282 -585
902 -438
539 -391
-958 -245
-365 -931
-483 -381
-98 301
-156 573
-292 -491
-818 974
340 -710
704 355
-395 858
-711 -693
-91 953
25 752
-806 821
86 -787
-482 476
-647 497
24 -942
264 -645
990 -148
-845 502
135 -981
-747 -937
310 -473
-374 108
553 -73
355 301
-773 807
-85 790
474 -382
852 698
-935 966
85 -169
-69 -929
-542 103
-511 -936
-964 547
485 154
101 731
-338 -654
-696 -48
425 828
-6 -222
-852 -243
-486 -375
714 272
-125 -534
251 -728
-636 -651
-625 495
-222 -606
807 -171
-807 -221
483 -747
-713 174
-678 439
-900 -962
795 -308
355 -192
836 506
739 748
-193 -703
247 -371
177 -249
-393 -291
-30 66
297 186
949 909
636 -825
-235 -227
-850 -965
-88 649
-198 -938
590 -78
-328 353
667 774
0 956
-161 817
1 86
-142 472
440 -388
-656 -528
899 810
927 613
-356 33
936 -433
937 -846
106 -642
124 942
255 -81
392 -293
-430 410
-536 170
896 157
807 -729
710 -834
225 -895
-777 -200
187 850
603 521
975 -716
-979 -443
961 969
-620 766
-873 311
-833 100
-566 -1
404 -616
-716 -323
-526 912
932 -164
663 279
-909 254
-689 602
152 -583
-45 -976
745 480
552 -821
544 619
-948 -666
-789 981
171 846
-363 334
-789 -118
-296 -255
-158 424
-299 97
-737 54
189 586
422 266
-115 -462
105 -198
-355 870
261 -302
471 -655
-251 582
-53 -113
-401 -439
265 416
556 219
-307 910
-740 -121
333 -170
922 -967
232 92
153 657
-932 479
-911 191
-423 -847
-404 -492
-578 -906
-839 -488
722 510
738 407
952 -194
-662 -701
-747 -20
828 -279
-21 -5
608 460
-103 -168
865 797
-191 -189
-18 -951
864 195
-166 851
-178 926
-127 -350
-857 -659
-364 366
479 -692
-885 470
167 716
442 -349
-3 442
-17 -989
393 -223
-946 911
-347 585
905 765
-673 127
-180 56
-767 61
-714 548
-762 -609
-277 161
-792 52
179 159
-344 626
-218 -785
493 -988
897 780
705 -574
668 -33
455 120
530 -579
316 969
-909 -151
-493 403
-382 435
-311 -448
58 698
255 808
-963 914
647 -164
-298 499
965 907
408 -540
346 -736
445 -333
290 -135
631 356
-695 5
927 104
-965 -457
-394 839
-952 565
-818 -473
316 -464
-740 558
-825 -736
-122 -518
573 -10
785 -566
-741 -566
-778 304
-322 -46
314 -825
632 14
-692 -543
627 -213
-555 567
-144 -851
-221 893
-208 0
635 -397
-38 -140
-420 -214
-855 884
657 621
-405 246
-598 210
115 540
-493 -846
-493 -868
-470 -412
194 -876
-743 424
-567 823
487 402
301 784
-751 -94
847 -328
812 -835
-100 185
742 806
977 -593
-188 -558
442 997
282 -30
779 -518
-593 -282
-959 84
-349 -370
-890 294
-109 733
648 -9
827 812
-614 148
201 -503
-303 -522
-293 -472
371 810
-814 -418
-777 -883
-168 56
101 3
492 401
-663 -41
423 128
680 -10
-381 -976
614 979
-246 -582
149 112
49 640
-265 182
-249 746
857 453
357 -715
-398 371
-878 976
-309 -149
-975 634
753 109
-411 967
395 -210
-201 554
-280 45
518 -40
647 -941
-917 448
603 839
-675 -321
-341 -91
872 102
-705 -601
865 -335
-930 -276
614 506
973 -566
-163 -207
523 -58
772 311
-405 -188
-590 -354
-178 -345
860 913
216 673
-919 -721
402 739
-586 -981
196 -398
35 -33
307 439
301 967
-774 450
869 248
849 -444
885 467
-936 233
-617 988
32 174
-788 732
-583 -724
554 873
987 504
-632 -270
-732 400
436 34
291 -165
-149 -265
182 -636
-798 277
-667 -90
-909 205
-683 607
475 546
-360 486
65 294
-631 -222
444 209
-923 28
-489 -286
-753 -741
554 550
-84 -104
163 -473
-222 -24
-654 508
69 -522
-521 506
343 403
50 496
-329 -674
403 -568
248 -694
409 -451
-430 -992
-485 903
-167 -831
-992 -635
79 -999
-489 317
-111 443
-978 -695
-652 957
-139 194
-815 -521
73 -732
-866 627
-401 -848
564 339
-733 -657
-282 98
591 -59
-166 472
-297 302
-730 -22
-725 441
264 594
-842 -270
499 834
-502 -270
-779 -365
758 -720
-660 -985
-740 -470
741 -584
-561 -506
701 -144
415 112
-23 -719
-421 74
303 -815
862 709
212 451
296 -369
-252 -314
270 611
35 559
46 478
875 -217
-280 460
300 -571
117 -954
-620 93
290 295
98 -565
-562 359
-422 -657
-654 -262
568 564
280 -163
288 887
-864 -981
-634 139
-618 -283
-459 0
215 4
933 672
289 813
-88 -113
-490 905
614 -522
707 -770
-798 488
-490 -49
867 38
771 -998
-134 927
325 -955
804 -701
641 277
-757 -583
-718 324
516 530
508 498
21 -668
-762 -52
258 -10
634 54
484 240
297 327
486 -59
-132 -137
-192 -98
659 367
662 28
-971 -728
587 -149
-610 -867
-149 830
119 -602
-32 79
-757 -443
795 -916
-573 463
372 140
596 258
-651 -589
920 -460
-793 860
332 -786
685 -301
-301 249
628 132
-779 -13
747 896
836 -165
-1 -534
731 -119
-823 -627
-990 141
297 566
-215 -143
-558 376
-73 -989
866 -31
-25 -603
115 -820
392 942
-253 835
-27 -778
-551 -536
364 -859
205 -129
-729 381
-363 -18
-858 596
98 809
560 -201
480 87
-760 -327
-799 102
-973 -261
-124 -40
-988 -904
798 65
-957 571
435 458
-11 709
-886 -727
41 940
-464 466
382 355
-501 -143
-373 282
-195 168
407 -267
40 222
-616 926
-13 337
511 -950
164 -472
827 332
-575 -932
-210 -397
-200 -369
-38 623
-713 944
-563 -881
705 198
880 994
712 -982
-827 -226
28 515
25 327
639 247
886 403
-82 371
65 787
-576 229
306 228
-619 454
-250 838
-295 306
-582 947
881 -657
772 -341
498 625
-506 490
177 -351
338 481
311 -568
-439 -382
849 -397
811 976
-121 -409
-669 -162
949 -503
-132 -307
-342 768
367 -54
490 245
663 -784
432 -708
-986 -742
889 490
-597 -803
-308 -109
-868 737
603 932
-445 -416
-542 372
784 52
466 -304
-656 671
-55 542
914 955
-24 -316
347 -209
-823 701
-445 -255
860 119
-452 429
-259 836
-419 -882
-825 -464
469 785
616 937
-105 -636
278 -237
-591 -623
834 -187
299 981
-730 -148
-992 -985
420 275
-137 -965
-943 -114
-485 929
19 -21
-699 -238
476 -221
647 673
-990 936
-792 -463
113 -246
-140 21
-762 -773
587 -585
-669 -155
-588 -477
161 701
-837 -635
-128 300
77 -45
375 -239
344 982
-741 -89
-477 348
630 -340
-156 -356
354 721
-776 520
-260 735
-642 633
-698 897
-19 -755
942 442
775 -606
464 774
-643 -207
510 98
-822 685
-813 597
745 -819
333 498
-182 -216
229 394
-773 924
457 711
10 250
-127 990
463 -969
-38 -589
400 -711
511 -645
66 721
-663 48
-569 210
583 776
-405 -63
714 -859
-99 -513
-971 -961
-776 172
508 -431
935 -851
-702 -110
-591 240
-469 950
-337 677
-125 -823
-664 -739
269 264
388 849
-790 805
-808 -755
621 -717
958 941
-951 -510
723 -796
-3 173
74 -619
267 -429
598 -726
-591 -410
58 373
552 410
540 -947
-383 -342
-885 432
-190 834
-111 566
-273 333
-285 -442
510 -834
-202 -263
44 -376
622 -419
-733 -518
-441 414
-334 -849
396 -187
127 -466
-615 479
131 -810
123 693
552 -818
88 -939
-544 470
-224 -441
575 -472
-901 -387
107 -722
261 629
176 704
669 -309
665 -471
466 -790
-113 658
838 296
-446 -606
924 137
236 -96
184 -644
-699 -300
669 -952
722 -125
929 -563
626 -726
-443 -1000
787 -800
642 988
755 -11
-995 -551
-375 154
-622 -949
996 251
625 115
110 146
-666 523
352 879
380 -597
662 -12
144 -966
-677 -466
-90 -803
-10 391
-850 -43
-413 -1000
728 -240
796 -210
996 -77
-274 336
339 -339
280 62
824 127
-365 -451
-691 813
-93 -666
-188 -793
-628 -16
977 897
796 -232
320 920
-117 -531
68 630
-794 89
633 580
198 -735
612 148
941 -379
675 -642
-872 -675
-888 461
-20 996
847 743
533 691
658 523
-495 -299
-875 661
970 -443
-23 952
-327 189
-813 -736
-445 22
-594 -841
-6 -721
-844 -844
-58 -62
-675 171
331 -83
-727 -638
753 550
203 -938
-892 904
-359 -102
775 130
599 901
484 199
164 -202
46 982
242 727
-631 -568
404 -930
150 -212
-469 -727
604 858
-800 704
-972 -754
-351 -681
-302 -221
822 772
61 -63
469 -176
765 -139
114 710
263 660
33 401
-311 -571
13 60
269 -949
-839 -749
275 -934
-415 471
-792 88
-724 -57
-4 973
-245 -442
-836 -460
-482 979
-43 -169
-394 450
373 -880
-429 -434
955 -704
-292 824
-705 855
872 43
609 577
-239 400
-862 917
-476 426
392 -270
939 -598
-46 522
-837 362
-738 2
128 682
-925 -388
-499 281
340 265
-270 -373
-50 319
-341 588
-543 -792
-754 -139
760 -404
762 240
-198 -402
993 -36
-587 -806
-839 -185
236 -183
-500 -101
-6 -127
34 324
-641 792
-48 744
904 -712
-159 -389
671 -300
-658 303
-316 832
825 -238
-449 667
461 -420
-808 -948
302 906
405 -186
479 -300
190 -950
543 -223
942 71
-468 -758
-392 -89
292 -853
-300 998
609 -811
66 -820
79 -58
735 203
326 -675
536 -278
-393 199
-776 407
709 -553
-589 -927
174 737
563 -519
386 -897
-971 305
291 -228
72 -801
602 323
176 -140
901 -839
236 -588
-33 153
-573 297
656 -843
110 -986
-240 793
-15 -276
-542 936
-451 -755
-705 387
-507 -572
834 700
-57 395
152 903
744 433
966 -317
-639 525
739 463
-930 510
-509 -283
922 -320
651 855
87 -638
-631 212
-296 -927
-172 -481
-941 -152
-852 -465
97 249
905 597
296 79
-743 -14
-636 -960
-890 -16
-17 992
14 -693
833 588
712 713
-867 -821
-22 633
457 -659
17 140
-172 -496
-848 841
944 990
91 662
575 -629
-336 758
-536 -333
188 -145
-627 -561
56 937
844 459
444 -616
161 881
-11 -983
-552 503
-253 -202
-600 -330
634 123
143 746
-62 518
221 512
117 919
-961 724
-455 83
-586 440
765 506
458 887
-400 763
801 969
-982 810
-854 744
-106 -445
-31 57
49 -30
-339 -324
-803 -69
-216 -320
261 -153
281 -250
381 -38
243 -820
514 -172
-636 369
646 241
261 89
271 968
801 -190
-686 -985
-909 891
-569 333
-398 947
540 -954
115 -548
163 582
708 -921
397 873
148 -354
528 217
-100 -630
-450 356
-713 -472
-98 407
-528 137
-442 -8
-649 -358
876 -339
396 -723
878 263
661 959
955 895
-356 916
-348 345
568 419
-362 540
679 191
-116 -764
471 187
211 565
-62 -343
326 -39
-325 110
352 -438
-369 -97
-960 775
974 -535
846 971
840 569
-304 -532
313 -270
-774 552
874 851
486 770
389 962
739 -13
221 -174
-247 785
526 -433
848 -670
30 -103
989 982
-729 595
-689 537
433 -794
-19 444
490 -305
-439 -109
-55 545
-71 -276
-892 -885
-995 861
-757 -658
101 -496
382 -709
-597 804
-383 -657
380 -963
-580 -731
271 -269
457 832
-218 -497
-212 47
-491 480
-960 66
670 771
763 -830
77 -166
-496 -713
-705 553
470 82
346 -396
876 -325
931 -775
868 -893
-182 597
-700 -359
-492 -867
770 -341
462 -174
13 -483
859 80
671 341
-260 122
490 216
-267 267
-248 291
-30 654
-812 -427
112 -820
231 750
-394 -733
105 487
643 -260
-103 -423
-687 270
451 -241
-862 -583
-51 942
-323 639
-8 71
375 -193
-327 773
747 335
672 -756
57 -609
128 965
884 655
344 866
584 -73
-132 -196
262 792
497 260
-360 279
-999 -599
-53 695
352 801
475 277
-771 504
-915 156
-368 212
-761 557
289 -967
210 235
-898 -146
-326 43
186 347
379 -547
442 385
353 -218
990 854
-897 750
-489 -324
-840 -964
-263 466
785 -615
356 -846
-403 91
603 -100
279 -198
-126 917
-38 -250
-181 -548
567 681
754 660
-878 -491
-840 891
-11 38
-331 450
283 608
706 11
-710 -741
-500 -532
543 254
-5 -572
959 664
978 -916
233 -287
641 477
-692 40
832 -377
-162 566
742 -781
-776 480
-314 703
449 963
-325 -615
697 779
232 -725
6 793
-773 75
967 -893
-521 713
-7 861
83 -701
419 -441
-530 -660
-487 15
-8 -909
554 -279
189 -171
675 224
858 -218
793 742
-23 -636
-579 -367
-652 -935
-699 -401
-634 -562
-249 327
-446 703
-894 -861
-182 439
165 608
-805 613
536 -144
-901 -501
392 802
942 -366
-131 460
-888 -165
-368 -279
527 791
-458 148
155 601
326 478
958 823
629 -879
915 286
-890 -954
-95 -62
354 -834
374 -408
-284 -115
-962 988
337 -56
826 -776
-861 -125
-201 -867
-758 881
-618 -315
618 -556
-866 600
-638 -370
-276 324
-398 343
820 627
-455 -504
473 531
793 402
-956 825
-507 -3
-455 791
-508 -586
-619 -583
684 -613
56 -491
-32 -72
849 939
634 -351
-321 -993
885 148
-105 83
-842 868
13 -545
-291 -808
-129 -441
674 512
492 -282
640 33
-763 90
-349 984
-843 -725
-550 -268
392 510
-840 -836
383 -852
-312 63
309 -763
-683 -857
-22 -739
-786 -383
-273 416
981 -650
124 242
283 -273
741 576
-171 853
273 -942
-114 553
110 -551
-482 -660
-907 633
922 768
-358 -925
-379 -570
416 -641
675 564
-478 -849
-699 -826
-599 -558
851 -907
-271 -444
370 823
-977 -188
-586 694
-453 402
922 643
-254 576
-75 496
181 520
626 -3
-424 -401
327 -515
-167 -782
-258 593
-567 -462
365 -722
-724 571
180 -931
520 9
391 347
-816 899
974 518
-889 849
-764 -46
-368 -230
839 -772
726 787
20 596
83 -16
-831 -90
525 -339
308 -948
-330 257
-107 600
-713 466
-719 806
496 82
-633 -693
177 435
-730 805
-189 -986
797 774
-749 -306
-314 294
891 -32
927 -194
-927 -125
-226 614
-824 -283
784 535
-956 -491
-524 20
102 -297
-832 92
-860 -107
862 -172
977 -484
722 -982
933 564
151 -177
-753 -603
-801 263
338 954
-237 764
469 -15
-412 333
368 896
-219 728
-776 63
-364 -561
-291 990
834 238
434 -147
628 -744
-903 632
944 -748
-41 62
204 472
-504 605
-484 84
-795 582
-513 137
-36 -42
887 -122
769 260
744 921
346 506
-163 -326
144 545
-776 -590
134 -663
860 -388
-505 -144
-986 -938
252 -791
-884 464
52 -61
-513 789
502 -642
-612 -422
-609 -65
-824 -130
138 564
83 -936
-564 60
-168 -808
-22 896
-276 -243
783 -538
-820 171
-41 -194
372 149
855 602
-905 261
11 792
-741 -400
-102 -303
643 832
151 -182
511 638
-696 -756
-317 920
68 618
241 -436
271 849
-112 274
-699 176
-262 625
319 -547
66 358
-191 997
466 -494
-65 -923
546 691
-394 -378
-876 874
402 -860
-678 -748
-270 -850
627 -167
-854 -346
583 -367
962 404
-587 570
-463 -276
483 248
855 97
-305 -640
805 -663
-276 351
-825 -723
-546 261
-641 -210
-281 495
-580 269
-441 -969
225 -192
439 527
-317 -838
-481 -185
-452 321
-908 -182
-165 4
-74 793
-968 -89
178 157
-387 646
13 230
-217 127
484 -312
852 -299
-386 827
404 412
-830 -29
-257 284
837 -309
-89 -93
293 804
248 485
-814 -252
765 -823
345 -996
-91 -832
-683 220
-344 319
-497 355
334 -158
-73 948
848 -174
-770 -436
-102 418
-858 472
-708 -837
-790 527
977 -919
-381 53
90 368
-567 871
896 -862
-438 634
-838 -910
-70 -925
-839 -657
729 292
320 520
-23 346
-39 -974
-995 590
-738 620
827 -837
816 -333
-555 598
43 983
798 -865
-127 768
251 556
193 633
177 -760
546 887
991 430
764 -318
463 -206
68 -657
606 -587
-546 -635
-388 -874
303 401
147 636
750 -571
240 347
-965 759
-94 -122
-494 435
-764 626
238 -641
162 -746
-659 357
415 -522
-43 -755
488 588
-876 974
-113 -306
398 -994
974 120
189 638
179 -370
-42 40
592 -818
4 -462
843 443
102 455
454 -575
-368 -123
-496 -845
470 -71
674 104
-855 -813
-670 -235
-991 -703
-62 511
758 325
-516 -789
-1 117
-107 -847
-276 451
-216 423
891 149
-546 729
321 385
-557 -917
-852 -982
746 319
992 480
-335 -752
-914 -610
210 761
-643 -215
-255 -112
-469 231
-122 -753
168 979
82 -504
-272 132
854 590
-791 -905
322 -477
-700 -879
100 -132
641 332
680 -401
-327 -382
306 671
215 -110
40 13
-801 -8
-387 -867
51 -585
-949 501
-98 316
-838 906
-742 669
-992 -275
926 704
263 -591
-293 991
626 -979
160 680
949 125
416 -144
-996 602
744 -598
-493 114
543 -693
-742 -282
-805 479
424 -409
-855 -871
529 -779
852 -306
-477 697
-229 163
773 -32
-781 -139
-597 -545
6 -773
-438 -50
381 -562
555 -805
247 604
374 -980
-23 522
32 -811
-394 721
350 370
-867 -880
573 420
-660 872
-175 88
-884 -354
653 -40
-527 527
-23 -627
-978 -808
115 11
846 -633
-922 307
-509 -807
932 -505
-59 260
236 232
381 -959
-626 -149
801 -352
106 -34
-399 123
571 998
793 745
-5 -955
729 -980
-795 856
137 -575
663 817
36 878
-475 641
-678 405
352 29
-29 -348
-269 -532
693 571
275 218
806 -840
467 746
185 -491
819 -45
213 -730
-715 695
343 -707
-711 -548
-219 441
350 736
825 -779
343 -134
-540 544
-672 -178
747 201
998 555
682 373
136 -51
-179 115
-587 -892
-363 -998
398 -441
664 -331
-944 -729
-659 -949
400 -798
-388 -632
-364 164
490 -668
-949 831
152 -111
399 562
-759 793
371 786
303 -711
298 -801
-795 -63
665 770
-5 529
832 345
-357 437
-447 -923
-621 446
-762 -718
708 276
-622 -530
250 -784
-835 836
-521 603
-435 213
830 -847
-105 -646
555 905
-4 -170
-495 912
-274 352
187 -106
-846 -777
452 484
387 147
-57 440
734 111
818 -837
314 582
-738 623
-185 -483
683 -577
366 950
42 -742
221 -926
-927 -539
586 -850
-571 71
-787 780
983 238
-477 900
634 93
928 -855
795 -921
875 -90
335 -171
-911 416
697 409
784 -601
939 -240
-991 -499
-244 -770
418 2
656 655
124 78
-720 334
-238 895
16 -674
-944 671
-506 215
-958 -876
-68 -391
-711 87
-960 280
-857 -24
91 -279
-708 798
-972 116
990 -566
-879 -869
720 -271
-507 575
-662 -721
901 -382
348 27
738 -991
554 -848
-506 589
101 -271
-455 51
-695 756
303 -880
-41 753
-344 -253
-51 187
-971 -910
-427 209
-147 213
-219 452
-701 977
-713 -696
218 -3
-889 -443
252 430
-588 898
688 -732
-981 982
660 -455
-834 -733
-686 774
398 -907
-732 -668
383 -180
-846 -588
-741 -913
498 638
16 728
259 27
-315 348
880 -595
804 -447
-209 -144
799 989
-449 846
-139 -978
-876 941
597 665
-499 911
850 658
872 -129
-73 -59
-433 85
335 -818
70 -542
-405 44
577 944
70 170
361 -389
-530 -491
242 290
-631 561
37 642
395 759
841 888
-765 -870
-492 -80
161 71
-615 457
682 -206
88 199
-351 606
-280 -112
167 -336
146 520
-953 -68
856 697
-431 -1
-208 -29
871 640
532 152
814 -119
538 516
-438 102
-306 847
-270 55
-763 248
208 447
-686 -932
864 -362
444 -961
763 -346
796 109
710 439
-720 -401
-729 456
-2 -269
-372 -586
-320 527
54 83
631 142
-24 684
-200 -546
290 -56
753 186
-434 741
983 75
868 -908
-603 603
-478 664
-433 277
-223 996
491 652
613 -304
-321 -44
-804 441
185 -980
-18 -31
673 -799
-321 718
883 550
-271 200
-253 -304
82 -796
633 91
-261 -104
-411 -89
980 794
-165 -344
-62 495
588 -687
230 -598
-144 -419
606 -621
421 150
-288 -932
382 496
-19 631
-370 638
395 473
-55 -697
369 -415
-703 -382
-111 -267
697 851
-182 -151
132 -839
226 445
822 813
855 -803
19 591
973 -873
913 74
-44 -532
603 863
803 -269
581 387
499 877
970 379
961 477
667 -814
126 -786
671 -439
737 748
-883 156
-964 946
-954 14
-433 434
188 -168
848 178
548 358
259 -699
942 193
959 197
-71 -501
352 480
67 -352
680 -316
-894 573
-944 912
-789 81
805 58
669 -213
-332 45
-875 -664
-834 335
325 -726
580 -307
-10 104
-586 527
-866 -973
179 -18
40 -835
944 274
-191 690
-756 576
355 -627
-174 -94
145 818
-608 -976
-416 -107
-117 -81
748 34
-818 -628
575 951
-246 -547
-771 -900
-258 -586
-882 989
-232 -832
-945 585
-186 -194
-17 -2
-452 60
979 38
45 308
-816 133
83 85
611 -629
-14 -131
484 597
844 947
-311 27
370 587
278 362
780 696
850 -254
-595 678
285 -796
291 605
989 -313
-157 654
512 344
607 -586
-960 298
-514 837
506 -329
185 -392
756 445
-560 -448
-771 -885
-8 -649
-652 639
-597 82
-181 356
-653 656
-820 536
417 -601
-846 -266
853 -583
-176 311
-737 -939
-513 934
-373 -33
-894 -304
-765 481
453 819
174 219
835 283
624 183
522 -403
-309 288
238 -408
784 -281
-786 398
420 642
-664 407
-127 224
73 35
-115 -435
451 610
693 -627
-263 875
366 656
769 243
-989 523
616 964
-349 -984
-749 -301
-835 -540
490 253
841 691
-629 -792
-12 603
860 -99
-732 777
27 -922
-823 484
218 757
-53 -711
-480 -385
-515 -494
-999 -795
78 -811
238 720
623 299
-19 -71
-314 414
628 -768
-594 338
-732 319
728 909
-432 -326
-264 -748
-893 226
-887 -112
-804 160
536 237
-309 499
145 301
320 314
263 930
974 -826
794 -134
-811 -459
-467 -635
-90 934
-811 -586
693 65
-157 -614
-220 -589
82 -864
979 -926
-651 -319
-12 -978
428 560
593 -37
-555 -727
344 -43
-540 727
316 -224
778 694
190 -274
67 -828
576 589
-612 -781
650 -914
-259 283
-447 -147
-195 665
-145 -369
-441 -201
-800 177
-238 -994
-176 877
761 -404
-369 164
-106 941
-544 172
819 785
13 70
644 11
-248 578
103 -133
162 -297
-113 966
-616 -12
846 -23
375 660
-169 -364
936 888
-944 255
-45 25
413 783
906 -691
-355 590
181 -484
743 635
-411 -282
-243 267
776 -169
-57 569
325 368
-734 -350
138 148
700 366
652 -390
-326 748
187 812
856 -310
708 -813
-465 -606
-869 -573
962 384
290 -313
296 -753
805 -310
27 -632
-852 -808
-236 212
-376 -158
497 -751
704 -964
-458 724
-141 750
490 833
735 -578
411 546
-709 0
-622 -856
511 -417
-522 251
-91 -899
-795 961
85 -810
-252 851
-604 347
-958 226
376 -391
-885 652
-846 442
-321 -371
134 -109
-143 -234
370 715
-178 -583
-972 792
-589 344
-143 -401
93 514
466 405
417 -451
-841 583
27 230
-614 -566
328 872
-946 748
343 368
-271 -894
245 201
756 -100
702 201
-922 186
233 -683
-348 -106
-154 379
-257 787
-476 -396
808 -51
892 -212
-586 524
63 488
510 404
-61 894
-69 969
-92 -307
34 -56
971 -325
427 186
436 307
305 642
-171 -393
-541 513
803 809
-268 103
-281 -321
701 -321
-128 -253
-753 -894
704 -508
-906 -71
454 494
187 -974
-873 532
-174 -460
-50 -902
-792 804
874 -78
193 -105
-856 851
-584 565
-512 -76
37 -155
973 -308
466 -800
176 -324
-61 760
-626 -337
-673 450
124 -700
-287 156
-524 -257
931 -874
-42 767
-241 753
-823 826
335 -912
-59 10
572 292
-632 -277
696 565
-615 125
395 -463
-915 -762
33 -222
318 -815
-634 -904
-664 -718
-732 836
-999 -755
-673 -386
19 274
342 461
874 104
-239 -822
720 -9
-789 -817
-861 -799
-65 -651
852 541
534 -553
240 737
-150 -523
-299 796
238 772
766 4
-218 217
105 698
-605 91
-399 -374
157 -682
505 -450
-457 -928
346 -207
367 -204
62 628
-70 669
-531 80
125 602
-32 853
647 -588
143 845
-703 679
373 788
-73 20
-748 84
95 424
474 -564
-758 408
-21 888
152 -870
-162 -641
-756 274
-632 805
-680 763
-648 -378
684 -372
95 -466
825 997
408 990
693 262
-355 100
388 788
350 -976
760 689
-4 248
-415 -637
-737 -595
341 766
-335 222
-411 -449
-495 914
-93 868
-153 -346
600 715
-901 -168
633 95
450 -846
943 425
34 531
-299 -492
107 189
-268 269
-746 -828
-368 272
676 94
-413 -198
425 688
413 21
-34 -51
519 -382
-243 -320
-550 -888
549 -425
147 -552
452 398
-475 -461
893 334
413 -815
-227 -385
454 -26
-654 -46
-884 680
131 -79
992 -143
830 -511
-15 -913
-508 833
-849 -763
-874 -639
-400 558
618 -204
-445 954
168 140
-625 -556
-765 327
42 -745
-552 908
286 530
-457 336
-580 816
153 -174
-425 -777
-650 -577
-391 610
-853 -164
-254 -81
878 294
-939 -279
145 174
4 856
-954 -983
-630 -745
-767 -381
-31 -77
-378 887
326 287
76 -137
748 -536
517 -151
124 -924
-4 24
637 142
-900 -166
600 263
-624 -448
-821 -237
-621 790
527 941
-331 -104
140 773
-799 -498
-729 -475
-491 -858
446 -207
189 258
-982 -268
591 -154
612 -726
821 900
-713 92
964 879
-888 -786
5 682
-245 169
229 -504
-200 0
-692 -207
-577 578
358 293
291 -970
-900 -478
585 -5
-79 -56
-251 -16
176 332
729 249
581 96
517 248
29 -69
-51 605
520 380
-570 495
-606 838
908 312
-667 -415
651 630
317 104
-926 25
-372 921
880 499
432 -567
-913 -423
881 906
-670 360
97 -368
474 928
-49 814
798 458
-575 -321
215 130
627 759
-548 961
746 -14
288 -682
-446 -663
-894 -635
-812 712
253 -775
-749 -516
-564 -395
-465 -370
-984 -159
189 273
-606 -126
-135 -531
-749 448
-320 -570
-528 -160
485 762
603 82
9 -69
-911 924
633 -110
-115 -303
-4 510
-652 -140
-587 698
609 -960
444 385
-730 132
743 -479
5 696
50 948
-192 -148
-648 528
-34 -566
-562 -685
447 -828
-41 -990
210 399
-585 527
-521 978
752 -255
-858 -918
-39 706
-607 -795
82 -562
-555 -757
-580 387
585 -344
939 427
-887 394
520 452
211 379
-226 353
198 -854
-793 588
-121 237
-341 376
10 -731
228 -12
-240 16
-248 569
955 -631
529 -41
-936 -737
407 -920
-19 -413
-564 992
-122 955
831 -440
744 553
485 -102
-141 421
-935 -40
-133 -764
697 -743
-63 -997
602 84
-32 -980
946 957
-367 440
-443 -479
144 -363
-594 779
262 -171
-744 190
868 201
995 599
-850 -478
7 595
428 -518
93 95
19 545
-856 568
417 923
-829 423
676 923
-112 -688
251 180
-251 246
552 727
-248 589
-776 885
216 -478
-36 464
-807 -115
828 -7
-52 740
773 -77
941 -627
654 -272
569 -618
-323 -100
-998 781
465 835
352 -561
994 897
-389 39
554 277
450 -173
-671 -508
-995 -729
-903 -275
151 170
123 -148
-404 -31
974 -504
-835 117
316 473
-702 217
194 797
-992 532
894 -637
82 365
-836 -319
-70 810
-177 -135
538 966
502 695
-220 446
10 -583
-436 13
-307 848
135 -688
-101 -358
-599 477
408 -129
-165 892
-993 -366
-523 -678
-547 17
965 232
433 -135
882 394
363 709
-487 55
182 282
706 -210
564 -523
104 261
315 -632
629 793
230 155
220 653
139 -374
776 562
-104 -487
68 598
-472 -324
612 -788
-870 -878
-230 138
866 304
-57 -220
417 206
-166 548
-97 868
102 -546
-978 -287
-217 -461
303 73
299 133
-771 -161
-738 779
915 -216
-196 -967
148 -70
939 -835
-62 -206
-636 -862
-121 -712
-400 793
-645 785
296 253
-271 47
-189 -747
259 608
272 620
-194 58
-666 214
940 -778
903 -72
424 -285
-507 901
569 -745
851 917
713 -386
-498 381
-595 418
-231 -563
-502 604
895 -137
-523 -474
17 -720
-299 931
-487 -23
-126 -293
726 568
894 -65
461 563
-617 488
-342 -582
56 -16
196 -949
-729 779
776 -945
-353 -635
539 179
-462 909
617 783
-395 -949
-98 389
166 102
-5 738
-491 317
919 -12
246 -546
885 259
-497 -232
74 5
644 766
-194 138
-197 -432
-389 -721
-981 -875
500 -489
-516 352
-500 283
-412 -850
-523 -595
-484 679
-964 -894
233 643
223 22
167 604
-983 -70
84 -982
480 -262
749 -501
672 -285
334 -3
-33 51
538 -862
893 831
830 925
-959 474
-447 996
-997 42
172 482
-30 -104
-456 348
-837 100
-525 805
569 -231
892 -438
-680 166
-970 248
-862 -684
117 734
951 -606
868 106
606 -17
-519 -377
561 401
-607 -293
977 -707
876 89
-119 37
-620 -926
-696 -217
-697 -272
505 364
-354 -587
154 344
945 604
856 294
762 481
-950 -146
-657 661
754 118
-249 455
-219 310
397 993
687 499
-502 -815
-299 -855
400 -758
724 -87
263 473
-976 -923
-96 134
-492 963
546 -628
-817 -20
-63 261
-246 -913
-326 -574
435 -246
501 -170
-270 734
1 -487
-192 525
-275 350
862 157
-737 -552
-646 -856
944 816
976 437
-875 844
491 332
111 -247
-36 401
-903 355
296 -343
679 -708
-181 620
-918 -831
-136 450
-771 909
824 -152
105 617
-376 -121
524 82
-132 781
-615 13
-894 -530
-206 -335
-368 -941
-387 644
-354 718
-273 501
194 -598
98 733
-46 -165
-419 190
-728 -206
-334 -46
-907 416
319 -77
-105 -425
-283 494
601 -148
-230 -222
713 990
388 -429
67 -133
-774 -772
-309 -625
793 -495
981 -450
-613 762
-161 527
-760 373
225 -230
39 23
-266 -311
-123 844
331 -141
43 141
653 -731
300 -545
-411 38
-207 292
284 -933
-544 817
-325 746
623 -734
-267 476
-995 -979
287 -327
471 825
716 -86
221 863
-455 949
617 142
757 299
369 -861
-390 493
283 -873
-172 -397
-882 895
12 -201
-641 573
-662 473
734 318
-253 121
-396 100
829 503
-883 128
71 -133
163 268
360 -570
-903 -430
-603 -384
948 681
-998 -366
-820 209
-900 806
642 393
-940 -821
-687 218
461 -811
-698 -717
706 462
-617 -516
-211 -660
407 649
428 -434
-795 601
-983 -374
-168 -514
872 -609
526 179
-616 476
-637 -633
457 738
618 -138
305 772
339 22
306 -354
779 865
-83 413
-188 237
-113 -114
661 -979
-776 -46
-71 510
72 498
891 -936
-398 -44
-347 165
322 140
-923 360
635 -133
-773 152
690 -258
380 330
343 799
-252 257
-358 -282
438 549
826 598
-996 815
301 -46
-161 854
-296 -400
-722 676
918 534
-722 -336
-526 545
521 214
273 -975
348 -744
300 59
685 50
-285 -389
-739 603
-922 408
-563 747
629 -60
-74 923
756 -624
440 127
804 687
-170 789
223 -426
356 -184
989 11
-265 805
-676 -105
-56 -357
-863 -860
449 -698
799 908
-968 -879
-121 426
-663 -109
-102 404
-458 -520
-526 -840
-66 89
-889 196
958 -669
-845 982
-927 676
154 712
941 734
-56 -934
-418 -185
-411 -475
187 -237
166 462
273 677
583 -426
209 -842
912 881
459 -306
989 592
770 -783
23 808
665 -961
-640 -120
-415 796
-466 537
817 -941
845 592
505 -539
-116 -214
382 -727
413 -43
764 -858
-987 -662
903 291
-233 -782
517 274
797 609
-48 -836
55 485
91 984
-837 941
-199 -195
324 -518
-817 -132
-128 512
768 -150
-432 -866
-572 374
-767 -834
890 -941
-48 337
-9 927
-62 -831
531 -84
-347 -516
790 -651
-790 395
344 787
438 -143
96 292
-107 119
-139 814
38 836
994 704
634 -990
72 -862
336 -461
-961 57
876 292
98 -387
463 -250
859 -479
-117 -223
-198 -12
-506 626
-497 835
870 -294
-260 -601
996 214
441 700
833 -693
614 -597
-765 -998
473 -940
158 736
193 389
597 -889
248 379
77 -259
964 -232
-762 -352
-608 619
10 797
-264 -480
675 -177
942 738
158 -186
-143 411
-840 -243
-9 -297
-738 745
642 -741
718 586
-280 -910
-606 523
-568 -767
185 -487
815 696
635 671
479 -512
455 606
-562 -765
-45 -706
765 263
-412 928
162 -202
-571 539
861 353
496 -540
-717 -224
-601 -821
138 285
71 666
-487 193
-109 154
855 826
-76 275
229 -474
-408 781
-139 421
-116 -468
538 781
-594 716
-795 511
475 -995
862 494
820 -322
894 -342
500 -113
-257 158
890 -758
735 -612
-13 954
575 -363
-625 529
525 -247
113 444
963 830
406 -975
-975 535
936 277
-128 374
-311 765
-773 262
39 871
219 -546
-504 -186
590 -775
758 784
875 995
-8 910
-849 623
-574 439
872 -555
313 996
-137 654
271 459
900 816
-152 640
-775 -171
683 -518
-49 -19
764 246
27 616
334 118
25 -401
326 -412
-434 463
926 487
-1000 504
-981 -666
313 438
-100 66
813 955
-927 -153
161 464
23 865
440 -195
-342 -90
325 -555
757 304
-340 -402
-119 259
664 563
467 913
968 310
-216 -915
268 -791
-144 423
-262 91
789 -102
-408 926
563 979
-635 861
-186 895
373 -942
444 -971
600 -931
64 336
-65 645
-911 564
964 -2
649 65
-6 -582
351 -315
159 391
-472 613
-208 -439
-237 0
871 139
-268 -993
-644 775
425 684
645 -525
-24 -121
-91 -140
-73 477
908 57
-950 -77
144 -476
142 833
500 -51
807 621
-48 -358
-928 -396
-660 394
-611 -497
-700 -792
-279 788
189 395
976 -226
-811 443
203 -204
96 997
467 -591
-542 -118
-360 228
437 168
-945 -720
682 -408
-515 886
962 -648
312 911
-33 511
199 -982
548 -204
-398 986
-109 950
539 809
4 -385
432 -492
389 858
593 299
-201 939
-19 -487
626 -784
-526 -970
-844 -296
561 -706
995 267
-53 235
141 796
-479 -386
643 -486
-391 -761
613 349
-270 -445
622 253
227 419
-394 -289
-657 -312
983 912
886 819
908 -148
874 992
228 18
485 -723
566 991
174 -187
181 -437
-879 205
601 -965
87 -78
403 -325
74 348
964 873
544 -263
989 -64
111 573
712 635
128 303
-984 -300
-404 831
243 563
789 -280
646 -727
-137 -173
482 91
-664 -253
-139 575
-301 140
538 497
-976 -513
946 -127
-74 485
878 -138
-614 789
441 -753
323 -633
-650 -820
396 58
-224 970
821 -37
302 333
-227 706
-335 973
213 233
-56 309
-988 774
-600 151
483 -622
-641 383
614 521
524 -336
-979 -951
486 -990
290 -567
-700 297
-111 -166
319 624
-410 -955
-751 62
-298 647
-439 942
742 -391
753 1
514 -847
96 518
68 351
136 -770
60 -674
53 -694
-882 -932
387 -321
-184 -951
852 381
480 -386
-394 973
-279 -599
706 460
447 521
-405 92
315 -856
363 1
417 -23
415 281
284 -366
-698 -86
830 791
-790 -989
424 377
433 735
710 -593
-537 -957
-295 525
-870 -220
-51 765
-962 315
-426 -515
763 -35
0 -117
-562 415
-645 -75
320 -964
-51 -781
-846 606
94 -686
9 278
365 -215
-245 982
-338 -206
-122 635
545 -228
498 -893
-117 -17
260 -689
-947 379
-809 -481
381 316
181 454
758 820
439 -965
-52 -222
594 318
330 189
562 -104
311 132
-475 -458
3 -736
-797 -181
-695 57
-346 129
98 203
-376 -955
421 425
-34 175
-169 -934
897 -2
-266 877
633 -154
-681 -453
805 472
-862 930
510 -954
-791 -944
-443 477
780 -230
-508 -465
-761 -958
-418 -533
837 -690
486 130
9 -62
680 300
175 -358
371 -935
822 -843
174 821
-640 62
-750 413
-462 -727
-363 714
590 562
-61 -727
675 -874
8 -966
692 -351
-106 -471
-726 -490
-734 618
-189 759
428 -996
-972 -981
168 981
-256 -648
282 265
-940 -356
-438 944
918 36
-23 -907
771 -559
-518 -707
-72 -997
-316 133
-361 -501
-137 432
24 50
483 374
785 -485
-9 20
-180 107
-536 -615
-398 36
-814 311
-335 -140
616 -229
655 -768
-558 160
568 -344
106 39
-366 797
-659 407
-356 -733
928 37
440 -733
248 -893
-684 950
-936 -615
920 758
-945 198
-212 -586
-960 997
575 511
680 -111
230 285
-90 -933
884 43
-809 714
-658 172
818 909
-355 946
7 854
363 -545
994 -92
-514 645
287 221
910 -674
493 625
601 831
-278 593
-400 -462
-927 929
902 -219
-803 284
29 783
-688 -64
82 536
682 294
-876 92
-686 337
-146 -629
-487 -781
-355 1
379 96
-883 -49
-524 223
344 646
-803 207
-295 577
-362 728
542 682
754 -702
696 614
110 134
22 984
432 957
181 695
-956 839
298 535
681 713
629 -747
-656 -800
655 963
809 -940
876 252
123 561
-183 473
352 691
-366 896
-878 -451
264 -94
194 -516
-661 -802
311 -278
193 826
-636 -123
293 973
895 -311
-987 294
-734 -809
799 335
582 314
-967 -370
-794 -915
-150 -595
-850 -722
-858 21
407 -4
155 686
-990 -65
-219 -511
667 -342
727 117
113 62
-131 -277
-3 552
-699 854
781 956
719 762
265 -430
-597 -955
-510 -942
78 241
-680 -937
-360 377
-208 -435
784 92
149 -694
-500 484
121 635
374 -413
-139 -419
-597 -814
666 760
-515 992
132 -109
-768 -345
845 764
-833 -231
-227 -36
-267 -279
25 -494
874 931
982 -947
633 -834
815 606
-863 -834
740 -315
-196 900
287 -583
394 516
-854 643
32 -211
-439 -607
754 680
188 -487
195 -449
80 -233
-801 863
-398 803
987 -741
496 -937
965 -705
901 431
551 365
-258 -266
-407 -48
954 -923
-166 682
-256 -884
-864 359
-645 361
-709 -169
550 -967
870 655
11 -557
639 873
480 -359
-849 -911
-316 448
-749 835
939 -50
195 -875
399 -577
-340 -76
624 -761
180 423
533 -350
398 -562
568 -111
-944 -553
59 11
119 726
-114 -865
525 -354
59 740
-517 660
874 578
-722 810
-974 -287
908 -659
877 774
193 549
445 445
-832 490
-274 -994
662 -57
481 -394
222 499
-872 539
-837 209
-116 -199
273 415
-800 894
-400 134
450 663
909 -783
113 -623
-744 -891
-78 382
-455 937
-748 -121
-170 -843
-569 373
539 -273
976 589
307 -86
19 -601
698 -674
-942 799
-673 -936
-34 -881
585 111
898 -454
-53 -184
-123 -413
-923 -713
-701 -566
864 -665
98 -594
-473 -237
803 -204
-843 600
594 707
-579 -94
36 429
769 -208
-707 -52
923 -561
534 -369
-49 63
956 -534
977 -258
442 -404
-125 -77
-47 161
623 667
452 -817
-86 878
-397 -573
-281 -99
-720 252
-262 -914
-424 -325
501 80
20 -296
640 -318
-29 254
882 463
-752 137
650 917
-873 853
914 -394
-927 -226
39 446
-411 152
-521 147
918 363
363 -400
438 974
-280 -554
-589 -586
-425 -555
-119 682
558 -110
-283 -603
899 -715
-857 -279
-113 328
-646 -852
199 601
-511 289
-736 337
-157 856
-556 797
-845 -383
-932 162
-231 166
989 -544
583 -732
-65 -468
-73 -779
-927 208
-611 863
-705 704
61 755
-748 450
-103 918
-807 -776
-998 -480
299 -970
-750 712
-422 -18
983 971
-347 448
-189 402
856 275
241 -780
-862 -8
-371 824
-668 -923
704 734
-29 -758
148 -570
-826 177
-763 880
-551 163
-74 928
466 -861
967 850
-418 -547
-405 -760
145 44
996 -329
-485 -712
740 763
-157 -879
433 -214
-773 955
704 50
-830 -149
305 -274
-143 756
515 -979
-267 -505
-757 425
-479 558
954 -897
375 286
-840 -725
-447 -215
-462 -670
531 406
-577 245
-728 -562
-386 -257
363 -469
-971 775
-358 292
138 214
738 517
813 95
710 -756
617 765
-39 81
555 -591
135 273
-130 116
890 -399
421 768
-695 835
-731 -573
57 781
74 -526
-738 752
355 -800
-840 906
-527 -179
292 -394
452 -286
-883 -431
454 -563
77 867
-879 -668
177 -719
-195 -978
365 -301
81 -551
-224 97
-329 -588
-45 453
-15 -667
-755 -45
-861 522
-164 -148
936 582
-466 -912
-684 -61
57 -186
354 16
-183 -767
800 38
291 -743
-460 527
-564 624
-193 534
-904 -753
370 -510
-143 -273
9 143
9 -593
629 -571
480 -606
359 -992
214 471
373 215
834 223
-231 378
-940 -59
441 -660
15 -585
-96 -882
226 -46
-554 -894
-386 942
-516 -543
-837 110
-377 -581
-29 -290
-683 191
-211 941
254 -84
307 -939
224 679
-231 -715
-185 59
-921 -775
-887 336
-436 147
486 759
-109 -664
736 -69
721 -364
-437 -188
10 244
-113 -808
-570 313
655 295
-639 -738
-34 711
49 943
140 414
791 -715
-819 811
845 180
401 -143
-143 191
615 -28
582 -956
-486 178
235 -550
-205 119
160 86
238 353
624 -987
279 -93
456 -681
909 -337
26 -978
907 -758
-3 -772
740 538
381 332
195 638
214 -996
-260 46
860 372
634 473
-43 823
197 344
-207 387
204 45
884 -647
-973 436
112 -663
37 238
-975 -900
-198 -758
-768 -600
943 -654
460 -393
873 -508
-73 100
-225 -835
941 535
-248 -384
598 917
863 264
-696 994
255 -534
496 840
726 -442
-50 119
-402 -875
-25 231
-827 -131
-819 639
-491 541
561 -655
-171 -574
-904 -27
-40 951
857 -921
380 -405
-636 -267
-61 -228
-26 -504
349 -709
101 297
260 -194
411 -615
882 -735
-68 209
644 646
792 103
402 478
156 -782
98 -394
-324 -319
-994 419
98 -473
-259 526
-303 -974
750 898
42 905
-483 -698
327 -560
-132 880
-580 -490
85 -641
621 -212
764 720
588 -996
626 354
78 -918
234 -886
219 223
-938 869
-517 -935
-386 3
281 -475
-425 279
-663 66
395 -289
260 -518
125 -673
904 751
-693 250
512 988
760 -867
92 517
656 16
-547 -914
70 947
-930 36
-998 -298
424 35
7 884
-599 495
-323 64
-323 378
404 -857
-982 716
689 -160
-999 159
-813 137
428 179
50 290
-62 665
643 -24
-283 400
493 219
300 564
690 542
730 -601
-660 138
-602 720
199 614
-638 873
-581 -444
-372 -513
-135 770
234 -410
-64 381
577 -171
-951 -601
-375 352
-841 707
348 -26
-438 -385
578 -555
212 705
-774 707
-745 -806
-849 -572
630 383
-517 210
-244 -913
862 363
337 -224
-426 588
-933 397
332 856
524 -429
785 -792
746 266
-505 -817
-529 -339
-891 -193
-699 -22
-851 -396
234 -424
-178 287
-198 -878
-597 871
-828 -884
280 -377
-789 82
509 446
-318 -842
433 -125
870 -898
682 956
803 -521
-94 -137
97 921
121 164
-544 -731
903 -561
836 877
712 63
848 316
631 810
923 340
576 225
576 800
523 294
-532 -964
656 -662
-595 -837
362 925
-436 27
736 376
10 -637
868 -700
-866 859
-94 645
474 -466
-402 528
-179 225
-372 -61
825 -270
-892 87
54 -921
-182 -673
-448 -798
-563 -972
-291 711
313 590
-64 -671
616 -24
-17 800
79 471
-165 -639
-403 -962
-440 390
-60 639
509 456
-254 385
-863 -84
-783 512
621 -675
-634 -170
322 392
-406 -757
151 492
819 53
187 950
179 132
-198 18
-40 870
792 -153
-667 -27
802 -319
-642 21
62 653
128 -581
-705 -693
-830 20
-531 -149
-762 -773
953 297
-464 -510
788 -842
237 -268
-868 -618
-456 -374
762 781
486 -771
-925 -523
559 230
447 861
-226 932
-906 949
-400 7
564 -507
-788 390
-787 817
783 -944
-936 18
-997 922
622 -850
867 -369
728 530
56 -739
104 362
547 -665
260 -487
940 492
-90 279
107 387
370 -99
256 -857
-284 -279
-996 177
-401 292
-792 258
-669 -796
750 -292
-661 -643
742 858
-924 -236
-733 -920
-296 -657
-923 -473
402 911
520 522
-167 517
-33 521
-51 699
-279 158
540 -875
123 -547
-934 712
243 694
-358 617
-447 507
483 565
717 -20
768 462
149 -569
827 -276
-930 -847
852 98
-49 -403
880 -413
-777 631
841 -8
990 482
-484 126
-324 -1
-681 -704
-938 -235
840 -128
639 -11
-681 904
739 347
218 -945
-563 382
-76 307
-659 935
-261 905
-764 964
111 -570
301 810
-74 -779
-354 -713
-858 -653
-425 499
807 -534
-943 -427
711 -142
-165 -925
688 883
757 738
54 -220
871 -505
212 -755
-745 75
-155 -979
648 -942
-412 734
-972 640
-914 224
459 973
-642 879
-967 174
-230 -643
-415 239
195 -277
402 -145
-33 399
708 743
277 -654
-490 -620
626 342
-171 702
-98 -44
-617 164
537 752
-287 837
417 -648
340 16
-568 -976
666 -361
864 -805
578 585
-452 605
522 -584
-317 535
932 392
-26 -757
-317 -181
-979 193
952 -388
419 -128
-205 -693
-920 156
481 680
745 -414
-323 840
183 -344
-76 -373
577 -435
-582 651
525 -516
-292 -33
-572 476
381 -694
-176 -29
-977 364
-901 147
-218 -563
576 911
485 36
10 -824
-347 -327
-150 637
-33 939
-321 815
888 339
630 945
443 157
562 -719
587 -45
214 931
96 797
-557 911
183 738
497 365
-882 495
326 510
-721 737
416 874
-298 972
479 -880
520 -229
187 -658
-92 -239
429 139
975 955
55 35
-650 -859
615 -303
564 -194
-853 -798
-267 974
-680 -323
-49 -401
277 -799
-603 -646
620 180
-633 394
729 992
-136 -33
77 596
309 614
-369 -494
210 -646
827 -786
255 -101
-559 769
-388 827
-457 -887
34 804
716 937
77 -781
652 -333
-789 -573
-845 -763
-753 -849
260 -372
768 -718
-669 -440
-658 -363
-259 -114
973 74
-420 -392
-74 183
435 -123
339 533
-864 -430
-969 543
515 -7
560 764
-146 770
-784 -533
-494 895
588 716
-241 -156
-139 579
-208 876
-714 -778
62 153
721 849
580 514
451 158
-926 -665
-106 582
967 476
-728 141
604 -211
-336 776
738 766
-982 926
934 742
624 605
420 187
620 656
442 537
520 19
-523 -330
-465 -759
206 -364
-780 624
498 -185
-258 759
-407 729
-155 393
-219 -658
-884 787
339 -924
689 555
879 406
960 771
120 291
-117 680
702 699
-952 -530
-41 695
150 -919
-573 813
-58 -375
-648 582
998 -444
-794 878
220 460
257 -733
191 480
434 -858
-756 -181
564 -974
701 788
-960 -37
879 953
822 541
499 85
481 -676
230 -430
-293 -763
594 -388
463 -984
568 619
-63 96
-13 971
142 500
643 961
-603 -703
924 330
-21 -659
-729 -129
-812 142
591 -507
909 -761
747 -362
402 478
-371 -975
-45 116
-954 982
-695 168
-663 625
948 -866
531 535
-621 -839
-762 -766
469 -557
-240 650
-542 -176
139 433
-225 -521
-525 -63
-974 931
-993 -971
93 -633
846 783
160 371
556 728
74 15
-351 147
751 -461
-666 173
-454 939
833 -342
319 714
-550 501
550 -632
223 -558
-591 -122
-912 363
991 -990
187 -19
-399 -539
-177 844
452 -625
280 96
-286 -121
-640 -625
-201 429
-784 186
-668 59
-457 141
-744 -125
676 257
-825 -314
-710 704
-774 632
-282 -112
823 -996
482 666
-127 -135
50 853
299 81
313 -449
-622 -958
